Pos	A	C	G	T
1	0.073	0.0266666666666667	0.870666666666667	0.0296666666666667
2	0.116545265348595	0.240721470690253	0.2088102670829	0.433922996878252
3	0.0266666666666667	0.00342857142857143	0.199619047619048	0.770285714285714
4	0.000346260387811634	0.0138504155124654	0.9851108033241	0.000692520775623269
5	0.00203942895989123	0.0166553365057784	0.98130523453433	0.0
6	0.0003003003003003	0.954954954954955	0.0036036036036036	0.0411411411411411
7	0.994938969931527	0.00148853825543316	0.00357249181303959	0.0
8	0.0189068408387762	0.415950498453077	0.0120316259883121	0.553111034719835
9	0.439291465378422	0.190338164251208	0.310789049919485	0.0595813204508857
10	0.276971608832808	0.0779179810725552	0.58391167192429	0.061198738170347
11	0.0381704508061862	0.0329055610398157	0.911484040802896	0.0174399473511023
12	0.0360755225893459	0.384356035064059	0.258597437626433	0.320971004720162
13	0.0397810218978102	0.00328467153284672	0.105839416058394	0.851094890510949
14	0.000351741118536757	0.000351741118536757	0.997186071051706	0.00211044671122054
15	0.000342583076396026	0.00993490921548476	0.989722507708119	0.0
16	0.000605510142294883	0.956706024825916	0.00211928549803209	0.0405691795337572
17	0.991867469879518	0.00421686746987952	0.0036144578313253	0.000301204819277108
18	0.045632333767927	0.536831812255541	0.0505215123859192	0.367014341590613
