Pos	A	C	G	T
1	0.361313729234294	0.101164789001337	0.11762459423334	0.419896887531029
2	0.295221209747248	0.0705067414340494	0.0860512101595679	0.548220838659135
3	0.0101895734597156	0.0155450236966825	0.00478672985781991	0.969478672985782
4	0.292921430308927	0.00330819751885186	0.702262223303333	0.00150814886888835
5	0.0114789868133953	0.0132340385162698	0.00498055212977896	0.970306422540556
6	0.00509815132456642	0.00385934819897084	0.0163903182771107	0.974652182199352
7	0.00444865810968495	0.00317240373395566	0.246462952158693	0.745915985997666
8	0.770325739032197	0.0120881189983054	0.142082470344568	0.0755036716249294
9	0.00646633701027006	0.667459109927729	0.0209205020920502	0.305154050969951
10	0.338309744650974	0.115627656036362	0.128450537674144	0.41761206163852
11	0.0710358252791913	0.173935316416789	0.0564188381544346	0.698610020149585
12	0.519040966244536	0.020460588579927	0.0576411735544639	0.402857271621073
