Pos	A	C	G	T
1	0.948453608247423	0.00309278350515464	0.0223858615611193	0.0260677466863034
2	0.0673703533731069	0.00449747590637907	0.919504359798073	0.00862781092244149
3	0.000517812758906379	0.000414250207125104	0.998239436619718	0.000828500414250207
4	0.00244281590051077	0.00555185431934266	0.0185431934266045	0.973462136353542
5	0.000193760899050572	9.68804495252858e-05	0.999709358651424	0.0
6	0.00452239135230532	0.0202956099713214	0.00562541363335539	0.969556585043018
7	0.00517439632042928	0.00498275201226524	0.982752012265236	0.00709083940206976
8	0.997985745274249	0.000154942671211652	0.00185931205453982	0.0
9	0.843879524730589	0.0759878419452888	0.00442111080408953	0.0757115225200332
10	0.340468395870058	0.00289599597078821	0.00579199194157643	0.650843616217577
11	0.292317708333333	0.00499131944444444	0.0185546875	0.684136284722222
12	0.000570190443608165	0.000114038088721633	0.00216672368571103	0.997149047781959
13	0.0290881688018086	0.94498869630746	0.0236623963828184	0.00226073850791258
14	0.93776628119294	0.00456482045039562	0.0426049908703591	0.0150639074863055
15	0.00031862354628007	0.99792894694918	0.00095587063884021	0.000796558865700175
16	0.992124791761321	0.00333181887021051	0.00454338936846888	0.0
17	0.000654236179260713	0.99591102387962	0.00310762185148839	0.000327118089630357
18	0.00423857099606418	0.854223433242507	0.0225552528004844	0.118982742960945
19	0.0029296875	0.0302734375	0.00358072916666667	0.963216145833333
