Pos	A	C	G	T
1	0.0923317683881064	0.206572769953052	0.162754303599374	0.538341158059468
2	0.958563535911602	0.0276243093922652	0.0069060773480663	0.0069060773480663
3	0.0	0.00142450142450142	0.00142450142450142	0.997150997150997
4	0.143730886850153	0.00917431192660551	0.831804281345566	0.0152905198776758
5	0.0185497470489039	0.934232715008432	0.0421585160202361	0.00505902192242833
6	0.0377358490566038	0.00628930817610063	0.828616352201258	0.127358490566038
7	0.00168634064080944	0.00505902192242833	0.993254637436762	0.0
8	0.00337837837837838	0.0101351351351351	0.974662162162162	0.0118243243243243
9	0.0528771384136858	0.241057542768274	0.0388802488335925	0.667185069984448
10	0.378254211332312	0.17457886676876	0.349157733537519	0.0980091883614089
11	0.107692307692308	0.32991452991453	0.420512820512821	0.141880341880342
12	0.104776579352851	0.334360554699538	0.155624036979969	0.405238828967643
13	0.654078549848943	0.0589123867069486	0.244712990936556	0.0422960725075529
14	0.00862068965517241	0.98448275862069	0.0	0.00689655172413793
15	0.00513698630136986	0.988013698630137	0.00513698630136986	0.00171232876712329
16	0.138248847926267	0.788018433179724	0.00614439324116743	0.0675883256528418
17	0.0148026315789474	0.0328947368421053	0.924342105263158	0.0279605263157895
18	0.00600600600600601	0.807807807807808	0.012012012012012	0.174174174174174
19	0.987270155586987	0.00282885431400283	0.00424328147100424	0.00565770862800566
20	0.00418410041841004	0.0181311018131102	0.0348675034867503	0.942817294281729
21	0.488709677419355	0.124193548387097	0.245161290322581	0.141935483870968
