Pos	A	C	G	T
1	0.176533714898945	0.26649973171168	0.135485601860132	0.421480951529243
2	0.604334432254229	0.145760147003189	0.152840079987029	0.0970653407555531
3	0.794853568382144	0.0339778220073927	0.0310634063121979	0.140105203298266
4	0.00635224504002785	0.0113122171945701	0.00931082492168465	0.973024712843717
5	0.129933899905571	0.0939250865596475	0.0722064841045011	0.70393452943028
6	0.878328489513785	0.0193229125756029	0.0428874401068259	0.059461157803786
7	0.437220532999463	0.137095331783223	0.161241280629583	0.26444285458773
8	0.130310347911636	0.357839191485556	0.22752884357392	0.284321617028888
9	0.0384837724006937	0.549178297134363	0.0380708563878107	0.374267074077133
10	0.703757316382403	0.116306878972874	0.043929762728932	0.136006041915791
11	0.899887333011428	0.0600354096249799	0.0159343312409464	0.0241429261226461
12	0.0180390126014155	0.010012083549111	0.0068185741412049	0.965130329708269
13	0.0651685393258427	0.0647191011235955	0.0325093632958802	0.837602996254682
14	0.881027418846517	0.0140245824141191	0.0289158525055153	0.0760321462338481
