Pos	A	C	G	T
1	0.349454831322419	0.103530778958882	0.407047885976006	0.139966503742694
2	0.157378393416698	0.030339414882713	0.505578820979881	0.306703370720708
3	0.419626072392932	0.322555285914482	0.0453224869262057	0.212496154766381
4	0.00405107881990313	0.182386613826508	0.00728019961837663	0.806282107735212
5	0.0013285188717809	0.0	0.00265703774356179	0.996014443384657
6	0.00687017953205004	0.063808412729276	0.0101756432691684	0.919145764469505
7	0.0231701244813278	9.95850622406639e-05	0.960365145228216	0.0163651452282158
8	0.167299355331432	0.0508097666165008	0.564545474965745	0.217345403086323
9	0.0375138861195773	0.0164354687099439	0.791181245905375	0.154869399265104
10	0.122548588514643	0.0665069035265148	0.532956644094627	0.277987863864216
11	0.388233849177106	0.0179624170965365	0.47472979611889	0.119073937607467
12	0.0797638449002183	0.00252144767996064	0.862888595061652	0.0548261123581686
13	0.00126569629950371	0.00119908070479299	0.966658894847284	0.0308763281484195
14	0.00478929917533369	0.152974183126931	0.777906877887041	0.0643296398106952
15	0.832745591939547	0.0574010964587346	0.0346125351903986	0.0752407764113202
16	0.158987915407855	0.731009926629262	0.0268396633577902	0.0831624946050928
17	0.395384573169059	0.0898389265428203	0.360672831545153	0.154103668742968
18	0.196629981543509	0.236345614874564	0.309419645908811	0.257604757673115
