Pos	A	C	G	T
1	0.242738589211618	0.0950207468879668	0.451452282157676	0.210788381742739
2	0.168243953732913	0.0375043813529618	0.67683140553803	0.117420259376095
3	0.086605504587156	0.0289908256880734	0.55302752293578	0.331376146788991
4	0.0741610738255034	0.0483221476510067	0.809060402684564	0.0684563758389262
5	0.0235338064998132	0.0224131490474412	0.900635039223011	0.0534180052297348
6	0.0524358497582744	0.013015991074749	0.896615842320565	0.0379323168464113
7	0.137247044680425	0.483069525145261	0.111200160288519	0.268483269885794
8	0.0610069827269386	0.0194781330393238	0.886071297317163	0.0334435869165748
9	0.0389210019267823	0.0319845857418112	0.311753371868979	0.617341040462428
10	0.075	0.023125	0.7534375	0.1484375
11	0.109800838574423	0.0636792452830189	0.631813417190776	0.194706498951782
12	0.0642620232172471	0.495024875621891	0.15547263681592	0.285240464344942
