Pos	A	C	G	T
1	0.195681511470985	0.139001349527665	0.460188933873144	0.205128205128205
2	0.117780294450736	0.139297848244621	0.192525481313703	0.55039637599094
3	0.0404814004376368	0.0634573304157549	0.762582056892779	0.133479212253829
4	0.0625	0.0473790322580645	0.198588709677419	0.691532258064516
5	0.131937172774869	0.0230366492146597	0.101570680628272	0.743455497382199
6	0.0313630880579011	0.886610373944511	0.0627261761158022	0.0193003618817853
7	0.0451127819548872	0.0100250626566416	0.917293233082707	0.0275689223057644
8	0.0197215777262181	0.842227378190255	0.0580046403712297	0.080046403712297
9	0.050251256281407	0.0125628140703518	0.915829145728643	0.021356783919598
10	0.0610778443113772	0.00838323353293413	0.0718562874251497	0.858682634730539
11	0.0479452054794521	0.671232876712329	0.166340508806262	0.114481409001957
12	0.0730897009966777	0.124031007751938	0.761904761904762	0.0409745293466224
13	0.0761124121779859	0.654566744730679	0.141686182669789	0.127634660421546
14	0.139455782312925	0.493197278911565	0.233560090702948	0.133786848072562
15	0.163513513513514	0.217567567567568	0.416216216216216	0.202702702702703
