Pos	A	C	G	T
1	0.436541143654114	0.181311018131102	0.0878661087866109	0.294281729428173
2	0.125628140703518	0.231155778894472	0.042713567839196	0.600502512562814
3	0.114832535885167	0.0179425837320574	0.857655502392344	0.00956937799043062
4	0.0629834254143646	0.134806629834254	0.00994475138121547	0.792265193370166
5	0.044806517311609	0.0152749490835031	0.209775967413442	0.730142566191446
6	0.0742574257425743	0.0148514851485149	0.319306930693069	0.591584158415842
7	0.853571428571429	0.0	0.129761904761905	0.0166666666666667
8	0.038961038961039	0.716283716283716	0.118881118881119	0.125874125874126
9	0.258019525801953	0.214783821478382	0.398884239888424	0.128312412831241
10	0.0134453781512605	0.377310924369748	0.00672268907563025	0.602521008403361
11	0.730515191545575	0.023778071334214	0.0290620871862616	0.21664464993395
12	0.446945337620579	0.118971061093248	0.321543408360129	0.112540192926045
13	0.0781032078103208	0.560669456066946	0.115760111576011	0.245467224546722
