Pos	A	C	G	T
1	0.3623760291246976	0.1858654913775669	0.2095328899264232	0.2422255895713122
2	0.2546778430503068	0.1666874872391223	0.4060784134994125	0.1725562562111583
3	0.1120074076472105	0.1603816789589326	0.550926232538288	0.176684680855569
4	0.1414606926628818	0.0825950874369978	0.3103577980152712	0.4655864218848492
5	0.9137468386722049	0.0203328092597233	0.0255383949457966	0.0403819571222752
6	0.5531442576733583	0.2632837024073687	0.1099816686813522	0.0735903712379206
7	0.0660077995555231	0.3785619703869528	0.1016975975427543	0.4537326325147697
8	0.0551453856701019	0.0364297185812273	0.8643616142036169	0.0440632815450538
9	0.838455942453961	0.0906323569722505	0.0338703430471054	0.037041357526683
10	0.0562688315403302	0.0707866818145538	0.7510856748110052	0.1218588118341106
11	0.205032870689164	0.4644790664354376	0.1573575413104976	0.1731305215649009
12	0.0690619066428349	0.415488854925506	0.1547698468974189	0.3606793915342403
13	0.1966235130220573	0.2368695413475574	0.1769407036529393	0.389566241977446
14	0.2982730852417816	0.4213566592390909	0.1471706149388099	0.1331996405803175
15	0.1221744943361971	0.6180386924422008	0.0873258697062712	0.172460943515331
16	0.1994347288750926	0.475502551290817	0.176716047685538	0.1483466721485525
17	0.3080619086103942	0.1469808637116823	0.4361405594584952	0.1088166682194283
18	0.2180742470306802	0.1874870850712393	0.3067706439519988	0.2876680239460817
19	0.2205047874460006	0.3445637537717443	0.2029524531720316	0.2319790056102235
20	0.2801879449228086	0.2492825706948263	0.2474533211073529	0.2230761632750122
