Pos	A	C	G	T
1	0.3510293990771688	0.2154656473008214	0.1987192573311981	0.2347856962908118
2	0.2874214708076416	0.0632967633399768	0.5245461205872731	0.1247356452651084
3	0.358279958844324	0.112277202358633	0.0928601910853512	0.4365826477116919
4	0.0733766611689671	0.1842054878925211	0.6082439992473813	0.1341738516911309
5	0.4566063212495681	0.1117675949924826	0.18470079124507	0.2469252925128795
6	0.2213682555451049	0.5246005186105724	0.1004883383222344	0.1535428875220884
7	0.0620003878937897	0.7665668072512865	0.092818491931494	0.0786143129234301
8	0.0644930892641185	0.3340623456316607	0.2241010831812291	0.3773434819229917
9	0.0751441890288427	0.1069580116382519	0.0610493342230705	0.756848465109835
10	0.3011615915485134	0.0792209576188441	0.5329024370770443	0.0867150137555983
11	0.1989773275943899	0.2204912250349674	0.2847827010479593	0.2957487463226833
12	0.2817585609004879	0.3036435441860705	0.1974239979742342	0.2171738969392073
13	0.1879106972903878	0.2924283114535862	0.2057961005734655	0.3138648906825605
14	0.2810813896445776	0.2504694729288714	0.2421753097772748	0.2262738276492762
15	0.2228927297206949	0.2735700018730234	0.2444153302340969	0.2591219381721849
16	0.214474444639596	0.1623040091175248	0.3827340146186843	0.2404875316241948
17	0.2088352859685144	0.2332209757003834	0.1956620178790623	0.3622817204520397
18	0.2243811832829377	0.3233815923822163	0.2423824437989629	0.2098547805358831
19	0.2659581232848483	0.2263905196332678	0.2453597273110138	0.2622916297708702
20	0.2281927927974215	0.2089009729236153	0.2307243011742852	0.332181933104678
21	0.1908418430097334	0.252515512471079	0.2331047403384029	0.3235379041807848
