Pos	A	C	G	T
1	0.0779510022271715	0.0356347438752784	0.8307349665924276	0.0556792873051225
2	0.015590200445434299	0.955456570155902	0.017817371937639204	0.011135857461024499
3	0.0089086859688196	0.0400890868596882	0.0066815144766147	0.9443207126948775
4	0.020044543429844103	0.031180400890868595	0.9042316258351893	0.044543429844097995
5	0.13363028953229397	0.05790645879732739	0.7750556792873051	0.03340757238307349
6	0.06013363028953229	0.02895322939866369	0.32516703786191536	0.5857461024498887
7	0.09131403118040089	0.200445434298441	0.1425389755011136	0.5657015590200445
8	0.40311804008908686	0.5634743875278396	0.020044543429844106	0.0133630289532294
9	0.011135857461024499	0.8507795100222717	0.017817371937639204	0.12026726057906459
10	0.6770601336302896	0.0089086859688196	0.051224944320712694	0.2628062360801781
11	0.06681514476614699	0.0556792873051225	0.8485523385300668	0.028953229398663693
12	0.020044543429844106	0.022271714922048998	0.4142538975501114	0.5434298440979956
13	0.11804008908685969	0.38084632516703787	0.3363028953229399	0.1648106904231626
14	0.44766146993318484	0.14476614699331852	0.35857461024498893	0.048997772828507806
15	0.35857461024498893	0.2516703786191537	0.13585746102449892	0.25389755011135856
16	0.38307349665924284	0.22048997772828507	0.0623608017817372	0.334075723830735
17	0.09131403118040089	0.7527839643652562	0.062360801781737196	0.0935412026726058
18	0.24276169265033404	0.6592427616926504	0.028953229398663693	0.06904231625835189
19	0.5835189309576838	0.22048997772828505	0.0423162583518931	0.1536748329621381
20	0.6815144766146993	0.08908685968819599	0.1469933184855234	0.0824053452115813
21	0.0200445434298441	0.6236080178173719	0.06236080178173719	0.29398663697104677
