Pos	A	C	G	T
1	0.2563146865058127	0.2278635476189232	0.3379613014394985	0.1778604644357652
2	0.2197334979672483	0.2897399567441912	0.2593741332389431	0.2311524120496175
3	0.1299504445453262	0.226074145792984	0.4478942465814399	0.19608116308025
4	0.1538828825992705	0.2874332737684673	0.4008853909604131	0.1577984526718492
5	0.1124960790183721	0.2563280638788622	0.3867292226711483	0.2444466344316173
6	0.1812389070895866	0.2907249217321662	0.1808609796758565	0.3471751915023906
7	0.1145220788563132	0.6073508509826386	0.1126164908083568	0.1655105793526914
8	0.2975374714253983	0.1213019922656644	0.5138670507168103	0.0672934855921269
9	0.0284124992998027	0.7286465270430733	0.1465073834968103	0.0964335901603136
10	0.0315479272800344	0.0183366328859528	0.919775205033088	0.0303402348009248
11	0.7092223113061734	0.0801700576126278	0.1535405420290807	0.057067089052118
12	0.0717859995144151	0.8402141110948611	0.037111229599319	0.0508886597914049
13	0.0446011194384398	0.809331853082707	0.0976359145585721	0.048431112920281
14	0.0438643097415512	0.7910595015991532	0.0987277591951063	0.0663484294641893
15	0.4280470708377279	0.1263128867144873	0.2012324478040136	0.2444075946437712
16	0.2659075732753422	0.3005006940478347	0.2125097691472609	0.2210819635295622
17	0.2361264029039379	0.3064806609835086	0.2315650938321633	0.2258278422803904
18	0.2552895847822018	0.266452913994065	0.2692116832770259	0.2090458179467075
19	0.2180087021727883	0.2836582369892823	0.2668786799164098	0.2314543809215196
20	0.2799486003153243	0.2435833093064358	0.287665257735335	0.1888028326429049
