Pos	A	C	G	T
1	0.1781473001659223	0.2164626372413882	0.232033928008108	0.3733561345845816
2	0.286959226801859	0.2749034238433793	0.2073570721764463	0.2307802771783153
3	0.3662450244163679	0.1535512449633853	0.3704348770346461	0.1097688535856007
4	0.1914584946752162	0.3014799570568852	0.1550778587220718	0.3519836895458267
5	0.5377015058996651	0.1534030778556988	0.1051031528827089	0.2037922633619269
6	0.3637804768236517	0.2812007104033277	0.3017579694217989	0.0532608433512217
7	0.0203566096887188	0.0840880536685637	0.8382493615068424	0.0573059751358751
8	0.4995015064444108	0.2908119790350034	0.0800916084498746	0.1295949060707113
9	0.3589233513704765	0.0474604086577672	0.5488564556197731	0.0447597843519832
10	0.5451958733880362	0.168573589066879	0.1762886898231482	0.1099418477219365
11	0.38988533646752	0.1805667759762927	0.2481711638539469	0.1813767237022404
12	0.3792175326554869	0.0899935878410164	0.4705470110537671	0.0602418684497295
13	0.7901995274727891	0.0833290052806219	0.0417795956096545	0.0846918716369344
14	0.2939001761815641	0.5237365992991263	0.049883945405785	0.1324792791135246
15	0.0488068433255988	0.0353808264869146	0.8886792204038713	0.0271331097836152
16	0.121197551062614	0.169074679487844	0.2543636953414291	0.4553640741081132
17	0.3020103443984859	0.2811000201334092	0.1940313157705498	0.2228583196975551
18	0.2854791192117872	0.3140597302703925	0.2565146691982888	0.1439464813195314
19	0.2065445908530005	0.1736578306974652	0.436333058001502	0.183464520448032
20	0.1218328878368893	0.440535520633211	0.2231010458841214	0.2145305456457783
