Pos	A	C	G	T
1	0.2620337598283456	0.261122307741681	0.2398652429408717	0.2369786894891016
2	0.3295721774398516	0.2198775887900134	0.2377653329258837	0.2127849008442514
3	0.4212448393132119	0.1583334759029657	0.2780423671165654	0.1423793176672569
4	0.348735549734256	0.1546672032967485	0.4104331997141243	0.0861640472548713
5	0.4716996213348373	0.1287124113608958	0.1555321437880264	0.2440558235162407
6	0.7953898899826018	0.0540606137734556	0.0870219714816005	0.063527524762342
7	0.6719301715873376	0.0723767529098242	0.0601265564603469	0.1955665190424914
8	0.3931360714341371	0.1051133833155889	0.4502349308889171	0.0515156143613568
9	0.4294248628187909	0.4073490936831841	0.0818840042947029	0.0813420392033221
10	0.7140929321778363	0.1445758317372699	0.0962845590731772	0.0450466770117166
11	0.0328286281134464	0.0353139826671063	0.8947448820278187	0.0371125071916287
12	0.0810989347446822	0.5381776263409591	0.1536086340955582	0.2271148048188005
13	0.1653013943769504	0.0936946164572669	0.4926901141069115	0.2483138750588709
14	0.2442686063334003	0.1590939825516409	0.2682439056209614	0.3283935054939975
15	0.2171936546807655	0.2633698114630251	0.1320534849168483	0.387383048939361
16	0.2269404434097513	0.3799048150763453	0.1167272266661667	0.2764275148477365
17	0.0399590230658066	0.7484665795483724	0.0496962841005275	0.1618781132852936
18	0.0400701749324142	0.5160555087235956	0.3450850121732613	0.0987893041707289
19	0.257037631939782	0.2177957819974813	0.1346133706114499	0.3905532154512869
20	0.2739417189643447	0.2757967581869315	0.2302774495046044	0.2199840733441194
