Pos	A	C	G	T
1	0.2579695954872533	0.2433828905250432	0.2685478006112812	0.2300997133764222
2	0.2506617022741747	0.2474276933501023	0.2727264179090428	0.2291841864666801
3	0.2107893241938592	0.2622503478535037	0.2983618765891632	0.2285984513634739
4	0.2473486612574381	0.1721661282867595	0.3838290051288741	0.1966562053269281
5	0.352704171299877	0.1213655780993749	0.2016143259388272	0.3243159246619209
6	0.0835090932225795	0.1220423444315413	0.3381931600132219	0.4562554023326576
7	0.359330135542008	0.0529631512976336	0.5350798313100728	0.0526268818502855
8	0.2405424763233261	0.7263096682890925	0.0145063190141615	0.0186415363734199
9	0.0482029766927033	0.0145329714965168	0.9236872933641428	0.0135767584466373
10	0.0234092186815881	0.0124796103550423	0.0199743396636553	0.9441368312997144
11	0.0274465270706383	0.9352406748749708	0.0126739478003621	0.0246388502540289
12	0.8999091080733028	0.0185472084403592	0.0633309504309875	0.0182127330553505
13	0.0258374019257645	0.2897948307244136	0.0224183152613623	0.6619494520884596
14	0.2192108049919905	0.4200421427756428	0.2011581176813234	0.1595889345510433
15	0.2783764666352123	0.2695230033293113	0.295688368737322	0.1564121612981544
16	0.2127529846854068	0.2884864985455006	0.2504379764820865	0.248322540287006
17	0.2059323936667824	0.3041960789202019	0.24595359467358	0.2439179327394358
18	0.2363040560109791	0.2632546507757219	0.2759252021562563	0.224516091057043
19	0.2231030641389803	0.2708346301032613	0.2689895361807458	0.2370727695770126
20	0.2281777298917951	0.2643667271932351	0.2756818327418517	0.231773710173118
