Pos	A	C	G	T
1	0.2591044959375378	0.2306793492653761	0.2952709577016739	0.2149451970954122
2	0.3009295047436177	0.1773779902031061	0.2836104282044477	0.2380820768488285
3	0.2850622136003038	0.1963842110454024	0.3340874826266535	0.1844660927276403
4	0.2269082433884846	0.1186441260472222	0.4774295405393089	0.1770180900249842
5	0.1357926156341287	0.266345786948904	0.1341053517722857	0.4637562456446817
6	0.2940396922586378	0.2095354286720355	0.3515388563426023	0.1448860227267244
7	0.3850118212398216	0.3571621300222362	0.1237624048695728	0.1340636438683693
8	0.430454982196341	0.3854944234921796	0.0857333107560972	0.098317283555382
9	0.2370927962288995	0.3018344307938994	0.3412980821680568	0.1197746908091441
10	0.1676089852500231	0.2113872415793947	0.1305082949425684	0.4904954782280139
11	0.2290531419927802	0.1099782185122298	0.4728132287835035	0.1881554107114865
12	0.186844460502467	0.0993136397434875	0.5168275016273545	0.1970143981266912
13	0.3388020200923422	0.2222085550310473	0.2902321257322313	0.1487572991443791
14	0.103482188647666	0.1310498784709042	0.0842855925898242	0.6811823402916056
15	0.1805171308015297	0.0994923579131301	0.6102334587771767	0.1097570525081634
16	0.0975313764811724	0.5910249751955349	0.0768670493422347	0.2345765989810581
17	0.146786765506939	0.2513306250799012	0.1552036986924987	0.446678910720661
18	0.1578580291817938	0.3377179417724456	0.3060757657866556	0.198348263259105
19	0.2080099082108355	0.374468654603555	0.1439687303119426	0.2735527068736669
20	0.2121742406786822	0.2251844906569932	0.2008681509536423	0.3617731177106824
