Pos	A	C	G	T
1	0.317340266288505	0.1317261482707	0.317970534940518	0.232963050500276
2	0.71725338972509	0.0495086453538997	0.141559895509392	0.0916780694116184
3	0.060660590932838	0.212283044058745	0.649271492424682	0.0777848725837348
4	0.0594350444508173	0.0210782907943791	0.893318038428448	0.026168626326355
5	0.00156829198745366	0.120615911035073	0.00142571998859424	0.876390076988879
6	0.0	0.000314589068029886	0.997876523790798	0.00180888714117184
7	0.0721151111869419	0.261786953307172	0.0443041574247853	0.621793778081101
8	0.042625275764261	0.196501733375355	0.533170501103057	0.227702489757327
9	0.89153763053655	0.00482535109830753	0.0955707598127476	0.00806625855239467
10	0.393492988813613	0.262249881833937	0.136757523239326	0.207499606113124
11	0.612039079735266	0.0410494799873936	0.0442010715411283	0.302710368736212
12	0.241017964071856	0.036400882445635	0.0326977623699969	0.689883391112512
13	0.195398676331547	0.118657421998109	0.183974156949259	0.501969744721084
14	0.00706848065668465	0.0290339743102531	0.00699247548833321	0.956905069544729
15	0.109482538873311	0.74356359928626	0.12445832271221	0.0224955391282182
16	0.639847847386318	0.0197106794997406	0.295314391101377	0.0451270820125641
17	0.0	0.998584015103839	0.0	0.00141598489616111
18	0.848982730895616	0.00265678528979934	0.147311752779137	0.00104873103544711
19	0.0492442055760833	0.810010077258986	0.0327175008397716	0.10802821632516
20	0.146773812337509	0.351926258567714	0.386512250846923	0.114787678247853
21	0.0825797538306958	0.126601356443105	0.0627354935945742	0.728083396131625
22	0.228629953517687	0.276451587489167	0.199558811943591	0.295359647049555
