Pos	A	C	G	T
1	0.2240460591265221	0.3367422751735271	0.2187192122097726	0.2204924534901781
2	0.3102619841463563	0.2292448725139493	0.2309329237492063	0.2295602195904881
3	0.2139292236133383	0.2732251776143904	0.2426078269448559	0.2702377718274154
4	0.1920976325677612	0.4683571586262056	0.1568111788524288	0.182734029953604
5	0.1375046342701902	0.4241638371480817	0.244841726649149	0.1934898019325789
6	0.3034467934801009	0.1542923592850974	0.3562314248256792	0.1860294224091225
7	0.2246550170910443	0.1693952898540832	0.3512495391999234	0.2547001538549491
8	0.3122086129423511	0.2461875083150774	0.2831492055466248	0.1584546731959467
9	0.3436506916562845	0.3442345695520422	0.0844459783634218	0.2276687604282515
10	0.0457022234021362	0.5170361103827811	0.0814477431647392	0.3558139230503435
11	0.5461743807334454	0.0609877345274288	0.3566735693128724	0.0361643154262535
12	0.0399733898841801	0.0261728702978975	0.8908806162590023	0.0429731235589201
13	0.0296370917002697	0.0611317419886733	0.0511943588650345	0.8580368074460225
14	0.1739771694278431	0.1282792533182896	0.395512842910529	0.3022307343433382
15	0.0678066114031727	0.755609760438044	0.0623735334239819	0.1142100947348015
16	0.052131655761719	0.6614404484704683	0.1067077390398131	0.1797201567279997
17	0.0746644951193512	0.5893969912069519	0.1227839262580094	0.2131545874156876
18	0.3309284057075566	0.2035266508472836	0.2493942102550692	0.2161507331900906
19	0.2281957445017593	0.2735105747969102	0.2010485259681247	0.2972451547332059
20	0.2542651409998878	0.2422069816350616	0.2253490467778756	0.278178830587175
