Pos	A	C	G	T
1	0.2670769115778883	0.3598916527903704	0.207742647062164	0.1652887885695771
2	0.1157914642281703	0.2665423437471292	0.5223066492395655	0.0953595427851348
3	0.343373151798216	0.1664048999983032	0.2778051858740139	0.2124167623294669
4	0.1659984346644374	0.4796530243860672	0.2189412838563387	0.1354072570931567
5	0.6564404780440162	0.1895625455132857	0.09138573227812	0.0626112441645781
6	0.0661973041906111	0.0559395683392513	0.7856484249004849	0.0922147025696527
7	0.6916786615118867	0.1628658024972119	0.0625731506299266	0.0828823853609748
8	0.0716039261131862	0.0570235323566118	0.7725379082026814	0.0988346333275207
9	0.7620615284349681	0.0771233647725895	0.0605719815754785	0.1002431252169635
10	0.0437890066146532	0.6198282931910127	0.0289603417061546	0.3074223584881795
11	0.4470139906180318	0.0969332256700082	0.3702002175075028	0.0858525662044572
12	0.1689934564023093	0.3176170026381331	0.2481088317992433	0.2652807091603143
13	0.2354644077196875	0.3679982479385189	0.2252118670089018	0.171325477332892
14	0.1764663435899664	0.2153972227913757	0.4457769460128082	0.1623594876058496
15	0.3662169863732315	0.2605514984266947	0.2807095640058216	0.0925219511942521
16	0.1246228609939109	0.2311824970923781	0.4814471925431488	0.1627474493705623
17	0.3705881332684098	0.1991409631403071	0.3370039004308344	0.0932670031604488
18	0.159407026395181	0.3919825470829454	0.2400112408927763	0.2085991856290973
19	0.3134210279465197	0.2051484332093603	0.3848556950533923	0.0965748437907274
20	0.181830796191517	0.3722101485616279	0.2921512747169556	0.1538077805298994
