Pos	A	C	G	T
1	0.3206377631946369	0.3094487057979947	0.2118267908824366	0.1580867401249318
2	0.4198941446362466	0.1716671124843605	0.2613228459007347	0.1471158969786581
3	0.2976414684691244	0.2640145125142264	0.1616258679190259	0.2767181510976233
4	0.3131719735148674	0.3532160986147865	0.2299096763159016	0.1037022515544443
5	0.5944779834155697	0.0458104268011762	0.3114620640755829	0.0482495257076713
6	0.5393969220479281	0.166652815750488	0.1963120840455672	0.0976381781560167
7	0.0177978460655276	0.0329737666507494	0.9184753971823866	0.0307529901013365
8	0.8620691808657958	0.0437122553981348	0.0356663418593227	0.0585522218767468
9	0.8141970201701123	0.0392376312756498	0.0899696852750633	0.0565956632791747
10	0.022319492730585	0.7878599292137427	0.1207730771200779	0.0690475009355946
11	0.5286333882861525	0.1170034164520208	0.2842545159527525	0.070108679309074
12	0.0454354230341156	0.0604521139311721	0.8530559024337121	0.0410565606010002
13	0.1052492156094745	0.3910305693298609	0.2863243882980788	0.2173958267625858
14	0.2963948001587148	0.2167157570244422	0.168286421347678	0.318603021469165
15	0.2359968390989925	0.2659203612558548	0.3426450508279671	0.1554377488171857
16	0.1904004685544264	0.2264779649894667	0.2578254716642051	0.3252960947919017
17	0.2191724555745069	0.2363013892252122	0.1962104385968585	0.3483157166034224
18	0.2206122742613629	0.3810394729697135	0.2081166970055882	0.1902315557633354
19	0.2690114047235755	0.1999034493427708	0.2632643094149958	0.2678208365186579
20	0.2281294091612733	0.2569752730006364	0.2107699580857523	0.3041253597523381
