Pos	A	C	G	T
1	0.277	0.403	0.146	0.174
2	0.361	0.243	0.257	0.139
3	0.25	0.187	0.237	0.326
4	0.173	0.111	0.222	0.493
5	0.27	0.23	0.25	0.25
6	0.187	0.472	0.132	0.208
7	0.201	0.437	0.16	0.202
8	0.25	0.32	0.222	0.208
9	0.236	0.36	0.237	0.167
10	0.249	0.286	0.215	0.25
11	0.264	0.264	0.201	0.271
12	0.243	0.271	0.23	0.256
13	0.124	0.334	0.152	0.39
14	0.104	0.291	0.369	0.236
15	0.347	0.042	0.472	0.139
16	0.138	0.766	0.055	0.041
17	0.006	0.992	0.001	0.001
18	0.757	0.007	0.16	0.076
19	0.014	0.653	0.326	0.007
20	0.215	0.438	0.083	0.264
21	0.868	0.069	0.028	0.035
22	0.001	0.006	0.992	0.001
23	0.228	0.001	0.77	0.001
24	0.035	0.035	0.514	0.416
25	0.001	0.001	0.992	0.006
26	0.001	0.041	0.82	0.138
27	0.069	0.91	0.014	0.007
28	0.209	0.02	0.77	0.001
29	0.062	0.701	0.175	0.062
30	0.173	0.313	0.111	0.403
31	0.313	0.25	0.368	0.069
32	0.146	0.257	0.264	0.333
33	0.271	0.243	0.25	0.236
34	0.146	0.257	0.404	0.194
35	0.257	0.348	0.243	0.152
36	0.264	0.347	0.229	0.16
37	0.222	0.37	0.146	0.263
38	0.256	0.307	0.16	0.277
39	0.278	0.236	0.278	0.208
