Pos	A	C	G	T
1	0.2059828483750802	0.4040038338119013	0.2175014094806657	0.1725119083323528
2	0.1606079935663093	0.4701829360502121	0.213531625745787	0.1556774446376919
3	0.1081286823203794	0.558966683149962	0.155625832462757	0.1772788020669013
4	0.2268939220968917	0.2777834051033565	0.2022031673521472	0.2931195054476046
5	0.2848634731577385	0.2079689356272469	0.1493106146710199	0.3578569765439948
6	0.2459232909525268	0.2738985069014117	0.2598451627735318	0.2203330393725298
7	0.1785939104234078	0.2853984410205049	0.2492751332843391	0.2867325152717481
8	0.1803176199328604	0.38062325425223	0.2893619352258955	0.1496971905890142
9	0.2270017888279879	0.1317811530192468	0.5284037768213437	0.1128132813314215
10	0.0622983175432461	0.3251590204273844	0.5296210740188155	0.082921588010554
11	0.1532026697672549	0.3609351833876086	0.223539906790183	0.2623222400549535
12	0.2620758850745391	0.29614730130338	0.1063877919853937	0.3353890216366873
13	0.3138998643011238	0.1688176659803955	0.1934611027211543	0.3238213669973262
14	0.0313016836653359	0.837802993244231	0.0680401657844893	0.0628551573059436
15	0.0171775488981093	0.9170709281679998	0.0480303757956546	0.017721147138236
16	0.0931429165923852	0.0165327880534447	0.8612740778206553	0.0290502175335148
17	0.0252003902943927	0.0262140420121009	0.0263008667069242	0.9222847009865824
18	0.5405371406405163	0.2242062413100792	0.0788300385043823	0.1564265795450223
19	0.1678552653117984	0.3319759894083049	0.3763701812595218	0.1237985640203749
20	0.2530869118715541	0.2534289874153294	0.2452237765642856	0.2482603241488308
