Pos	A	C	G	T
1	0.26448466329768483	0.07527324009871901	0.571923845340228	0.0883182512633682
2	0.08711364437654248	0.6514572805265013	0.14928311199905983	0.11214596309789635
3	0.14525796215771536	0.06240451286872723	0.647314608062052	0.14502291691150546
4	0.08379363027382772	0.6301563050887296	0.22364555176871548	0.06240451286872723
5	0.002820542954518745	0.9949465272064872	0.0005876131155247385	0.0016453167234692677
6	0.9920084616288636	0.003878246562463274	0.003643201316253379	0.0004700904924197908
7	0.0004700904924197908	0.008814196732871078	0.9896580091667646	0.0010577036079445293
8	0.0002350452462098954	0.0	0.0001175226231049477	0.9996474321306852
9	0.003878246562463274	0.0002350452462098954	0.995299095075802	0.0005876131155247385
10	0.005993653778352333	0.7937477964508168	0.018216006581266896	0.182042543189564
11	0.028557997414502292	0.9656833940533552	0.002703020331413797	0.0030555882007286404
12	0.575273240098719	0.0919026912680691	0.2813491597132448	0.051474908919967095
13	0.519097426254554	0.05817369843694911	0.32236455517687157	0.10036432013162534
14	0.1584204959454695	0.019626278058526268	0.7698907039605124	0.05206252203549183
15	0.03478669643906452	0.03243624397696557	0.8760136326242802	0.05676342695968974
16	0.18415795040545305	0.08109060994241392	0.597720061111764	0.137031378540369
17	0.3858267716535433	0.08731930896697614	0.4653895874955929	0.06146433188388765
18	0.5380185685744506	0.12845222705370785	0.12927488541544246	0.20425431895639912
19	0.23060876718768364	0.119667410976613	0.4937419203196615	0.15598190151604183
20	0.17919261957926902	0.18624397696556588	0.4454988835350805	0.1890645199200846
