Pos	A	C	G	T
1	0.31223181138807	0.13229834627067	0.28817318354949	0.26729665879177
2	0.25125473727338	0.21745365154153	0.40008194202602	0.13120966915907
3	0.21545551806436	0.15118097275944	0.51304419389351	0.12031931528269
4	0.11151916875672	0.061357936223576	0.60963812253673	0.21748477248298
5	0.20651505838967	0.30874820733456	0.30547019053473	0.17926654374104
6	0.24658463327197	0.28708458482705	0.39501986241643	0.071310919484546
7	0.56231832995684	0.1065797586541	0.25658416277636	0.074517748612701
8	0.041853094705444	0.052572706935123	0.019761372110365	0.88581282624907
9	0.13891634468506	0.027226165872945	0.41036930541828	0.42348818402372
10	0.75889627323967	0.022293261546227	0.16067973416337	0.058130731050728
11	0.085953074681797	0.6622450544395	0.076138629044625	0.17566324183407
12	0.4335509890532	0.17793355098905	0.31188784328788	0.076627616669867
13	0.035820358203582	0.020610206102061	0.10413104131041	0.83943839438394
14	0.0019251925192519	0.85808580858086	0.0023835716905024	0.13760542720939
15	0.12639437103141	0.017333104513472	0.7801613180024	0.07611120645272
16	0.042188845307567	0.91715297043911	0.013393284224625	0.0272649000287
17	0.65262550490479	0.030294287362954	0.26985958838238	0.047220619349875
18	0.028127441618196	0.45116763607952	0.16607344387534	0.35463147842695
19	0.77746163131574	0.032850491464046	0.12726332126229	0.062424555957924
