Pos	A	C	G	T
1	0.1163998269147555	0.1047165729121592	0.5114668974469927	0.2674167027260926
2	0.1051537822111388	0.0976724854530341	0.2556109725685786	0.5415627597672485
3	0.243913642627469	0.4731281580156178	0.1819016995865871	0.1010564997703261
4	0.0520051746442432	0.8015523932729625	0.0571798188874515	0.0892626131953428
5	0.0731582972215142	0.0606678562324751	0.8106041294927352	0.0555697170532756
6	0.722769028871391	0.0748031496062992	0.1076115485564304	0.0948162729658793
7	0.6671625139457047	0.10970621048717	0.1160282632949052	0.1071030122722202
8	0.1999325691166554	0.1001348617666891	0.0472016183412003	0.6527309507754552
9	0.0838023764853033	0.0909943714821764	0.0800500312695435	0.7451532207629769
10	0.5739785799285998	0.1150337167790559	0.2352241174137247	0.0757635858786196
11	0.2300420168067227	0.2190126050420168	0.3387605042016807	0.2121848739495798
12	0.2714063310845874	0.3321224701608718	0.1665801764400623	0.2298910223144785
