Pos	A	C	G	T
1	0.3350746268656716	0.1843283582089552	0.1440298507462686	0.3365671641791045
2	0.1881759192501802	0.1665465032444124	0.1780821917808219	0.4671953857245854
3	0.1338116032439177	0.16126013724267	0.1144728633811603	0.5904553961322521
4	0.0824064711830131	0.7042467138523761	0.083670374115268	0.1296764408493428
5	0.0955196017423771	0.1876166770379589	0.5768512756689483	0.1400124455507156
6	0.4088598402323892	0.20079883805374	0.2687000726216413	0.1216412490922295
7	0.1895306859205776	0.4303249097472924	0.1270758122743682	0.2530685920577617
8	0.1619230769230769	0.3507692307692308	0.2373076923076923	0.25
9	0.1715797430083144	0.3809523809523809	0.1810279667422525	0.2664399092970521
10	0.196875	0.202734375	0.301171875	0.29921875
11	0.3034321372854914	0.2160686427457098	0.1829173166926677	0.297581903276131
12	0.2294404806609087	0.1975215921892602	0.1667292527224934	0.4063086744273376
