Pos	A	C	G	T
1	0.2634656523422581	0.2434413305111719	0.2477836474228112	0.2453093697237589
2	0.2963402386879901	0.229606780317928	0.3132611195753307	0.1607918614187513
3	0.2011297044271133	0.5067023131761996	0.1495881240782348	0.1425798583184522
4	0.0948074824519611	0.4913959167853789	0.0940725538833689	0.3197240468792911
5	0.0543140198332398	0.2846806999881696	0.0886311583021503	0.5723741218764403
6	0.0469103143500796	0.8276779255741343	0.0722444456534628	0.0531673144223233
7	0.338130235773917	0.1073852853675884	0.4671960727516815	0.087288406106813
8	0.278549135961583	0.2326459421328207	0.3397290579335918	0.1490758639720044
9	0.1922970127245844	0.1437930502989075	0.1185841468696686	0.5453257901068393
10	0.0897332855175043	0.2028810043063188	0.0549827077642297	0.6524030024119473
11	0.8018669221147492	0.0357291704535004	0.0739496628260674	0.0884542446056828
12	0.4493704130761893	0.0413409176736	0.0525132977270747	0.456775371523136
13	0.1274600211951753	0.7233899642974292	0.0928950949853579	0.0562549195220377
14	0.0203650362725295	0.8550894645774686	0.0649563048310569	0.059589194318945
15	0.1287886512803323	0.065706568536144	0.7853793542526819	0.0201254259308417
16	0.1427012209372663	0.0689914187123168	0.6193383423203455	0.1689690180300715
17	0.5983684370956343	0.1350035933249909	0.1137924575408042	0.1528355120385706
18	0.461656697762947	0.199081641037952	0.1552585489042561	0.1840031122948445
19	0.2344296730749246	0.2737573537084001	0.1907641938606618	0.3010487793560135
20	0.2150997220772616	0.2668197639455514	0.2979179642776924	0.2201625496994946
