Pos	A	C	G	T
1	0.2084251840585695	0.286516013405445	0.1819046781443744	0.3231541243916111
2	0.335820724523418	0.1963022101116403	0.226253012649205	0.2416240527157367
3	0.311744715300848	0.1786439367469654	0.1729782827989637	0.3366330651532229
4	0.4436835094939232	0.0826695919957407	0.1719052591157597	0.3017416393945763
5	0.5356440419553088	0.0588465204392292	0.0631141826603557	0.3423952549451063
6	0.3838199133963015	0.0544636724569437	0.0676526745849211	0.4940637395618336
7	0.0279063882668889	0.135977891976262	0.0388862184630781	0.797229501293771
8	0.2538035353249746	0.6518232058567566	0.0832881097112537	0.0110851491070148
9	0.9455683393745749	0.0158906910323764	0.0184829380997427	0.0200580314933061
10	0.0173175537906468	0.0146284431687611	0.0138462189126661	0.954207784127926
11	0.9293568164844204	0.0221351526311133	0.0223482686460425	0.0261597622384235
12	0.459259581699161	0.0776640701155215	0.0378638531378496	0.4252124950474679
13	0.0848706994909203	0.3470205223122538	0.2263290626752748	0.341779715521551
14	0.167453921211379	0.3074568502146053	0.2350785913916769	0.2900106371823385
15	0.2653483991469391	0.3409120050281269	0.2318756279454269	0.161863967879507
