Pos	A	C	G	T
1	0.1593599178493283	0.1724635623920348	0.0799795437129985	0.5881969760456384
2	0.2481469134536019	0.0891015303525665	0.4195472500312088	0.2432043061626227
3	0.2043007301496442	0.4035225927849197	0.2487814665072666	0.1433952105581695
4	0.0352649545000633	0.660407772697681	0.0483826116848865	0.2559446611173692
5	0.0416969647608693	0.0381949513945259	0.8801873494751563	0.0399207343694482
6	0.0733839285403094	0.7934095929335003	0.0573994772374002	0.0758070012887899
7	0.8065069364998222	0.0578799765759284	0.0829903718293392	0.0526227150949101
8	0.2488435044910105	0.0978368950449065	0.308457897634573	0.3448617028295099
9	0.2094974267267434	0.2242583512809986	0.1310474835448556	0.4351967384474024
10	0.1958360790794605	0.2090910634981147	0.4626378235563366	0.1324350338660885
11	0.231658852601726	0.3108820786173486	0.2435566600756943	0.213902408705231
12	0.2685113952905946	0.2473353345828035	0.2735710110012274	0.2105822591253745
13	0.1615319160241104	0.1745112405637707	0.2140314868065226	0.4499253566055966
14	0.1862942335805731	0.2118114990871804	0.3168159823353743	0.2850782849968721
15	0.1816706604308773	0.321070312040785	0.2919597366502419	0.2052992908780956
