Pos	A	C	G	T
1	0.21282858707558	0.21467688937568	0.37137185104053	0.20112267250821
2	0.16703864677552	0.075649007400446	0.53541642194291	0.22189592388112
3	0.053913945049248	0.027734577501296	0.87065837221358	0.047693105235874
4	0.1505076142132	0.16307106598985	0.21015228426396	0.47626903553299
5	0.19948149215037	0.28575543713092	0.22699121417255	0.28777185654616
6	0.23102405300302	0.26501512314561	0.29382111479188	0.21013970905948
7	0.080425265791119	0.21601000625391	0.078048780487805	0.62551594746717
8	0.066317253182159	0.15520376510857	0.65482939351802	0.12364958819125
9	0.45719626168224	0.089221183800623	0.37258566978193	0.080996884735202
10	0.17645610146534	0.0025858884373846	0.81886467183844	0.0020933382588351
11	0.0035878300803674	0.0005740528128588	0.0004305396096441	0.99540757749713
12	0.0014392630972942	0.0	0.57930339666091	0.4192573402418
13	0.0059566019004397	0.97546447312438	0.0015600624024961	0.017018862572685
14	0.098707403055229	0.0069199634417026	0.87674631152892	0.017626321974148
15	0.96980812641084	0.0002821670428894	0.028357787810384	0.0015519187358916
16	0.89692390717755	0.0002698327037237	0.10145709660011	0.0013491635186185
17	0.11436135009927	0.00066181336863	0.0019854401058901	0.88299139642621
18	0.0053516819571865	0.47209480122324	0.1572375127421	0.36531600407747
19	0.16098735701385	0.52028898254064	0.25936183022276	0.059361830222757
20	0.047031700288184	0.048530259365994	0.19550432276657	0.70893371757925
21	0.012446958981612	0.0070721357850071	0.97977369165488	0.0007072135785007
22	0.013490959666203	0.95994436717663	0.017246175243394	0.0093184979137691
23	0.039182074201053	0.076772376637688	0.80078364148402	0.083261907677238
24	0.06974847042828	0.48416043507818	0.23344663494222	0.21264445955133
