Pos	A	C	G	T
1	0.230774551619302	0.2722500763589871	0.2212519581213875	0.2757234139003234
2	0.2503533831346061	0.1611260806954585	0.1660149250732084	0.422505611096727
3	0.1684153864886696	0.1897219435713954	0.3212955685501364	0.3205671013897988
4	0.2329130900271326	0.2380750213164628	0.2012868399989591	0.3277250486574455
5	0.2419508116597736	0.2832975877485123	0.245538275661893	0.2292133249298211
6	0.3319116898854215	0.252479594015754	0.1647196229066108	0.2508890931922136
7	0.1639733898490385	0.3323339614561299	0.3521991378621282	0.1514935108327034
8	0.3616898767784777	0.2285149957015326	0.2117083802945729	0.1980867472254168
9	0.3134599093847786	0.0861799316815965	0.5088914075558354	0.091468751377789
10	0.091199497025231	0.1761671924591274	0.1965086823187996	0.5361246281968421
11	0.0193506022573711	0.0168925132436742	0.9456797300608598	0.0180771544380952
12	0.0155254654059745	0.01735266339961	0.0140508505976927	0.953071020596723
13	0.0328092648882993	0.0280082240853196	0.9161582936596048	0.0230242173667765
14	0.0387187953961245	0.5175379401910208	0.0300462557248508	0.4136970086880037
15	0.3505585086388918	0.14349883489719	0.3459916658298003	0.1599509906341179
16	0.2200345651818911	0.3435703062004442	0.2136863615538198	0.222708767063845
