Pos	A	C	G	T
1	0.0081682662854809	0.0108229528282622	0.9679395548294876	0.0130692260567695
2	0.0068318821165439	0.0038847957133289	0.981379772270596	0.0079035498995311
3	0.0188679245283019	0.0030079299972655	0.9135903746240088	0.0645337708504238
4	0.2250430292598967	0.004302925989673	0.7409638554216867	0.0296901893287435
5	0.7519650655021834	0.1091703056768559	0.085589519650655	0.0532751091703057
6	0.591792656587473	0.0316774658027358	0.0266378689704824	0.3498920086393089
7	0.1008064516129032	0.1733870967741936	0.2553763440860215	0.4704301075268817
8	0.0575757575757576	0.5727272727272728	0.0072727272727273	0.3624242424242424
9	0.1967213114754098	0.773360655737705	0.0045081967213115	0.0254098360655738
10	0.0174118658641445	0.9628116938950988	0.0058039552880482	0.0139724849527085
11	0.0199004975124378	0.948492829967808	0.0155106818846942	0.01609599063506
12	0.1564327485380117	0.195906432748538	0.2309941520467836	0.4166666666666667
