Pos	A	C	G	T
1	0.34228187919463	0.053691275167785	0.36465324384787	0.23937360178971
2	0.26584362139918	0.0082304526748971	0.02962962962963	0.6962962962963
3	0.12429906542056	0.019626168224299	0.065420560747664	0.79065420560748
4	0.065234685759745	0.1447891805887	0.67303102625298	0.11694510739857
5	0.12607003891051	0.1431906614786	0.65836575875486	0.072373540856031
6	0.42303664921466	0.1130890052356	0.20942408376963	0.2544502617801
7	0.29185317815577	0.071620411817368	0.17009847806625	0.46642793196061
8	0.12156536219817	0.23313905079101	0.17318900915903	0.47210657785179
9	0.078838174273859	0.025933609958506	0.87759336099585	0.017634854771784
10	0.24586092715232	0.13576158940397	0.4544701986755	0.16390728476821
11	0.22508038585209	0.37513397642015	0.30653804930332	0.093247588424437
12	0.16528925619835	0.15230224321133	0.34592680047225	0.33648170011806
13	0.19126328217237	0.30696576151122	0.26092089728453	0.24085005903188
14	0.14893617021277	0.20567375886525	0.44208037825059	0.20330969267139
15	0.15248226950355	0.16193853427896	0.40307328605201	0.28250591016548
16	0.1725768321513	0.28605200945626	0.26595744680851	0.27541371158392
17	0.18063754427391	0.22314049586777	0.33412042502952	0.26210153482881
18	0.20212765957447	0.29905437352246	0.17021276595745	0.32860520094563
19	0.23820754716981	0.090801886792453	0.42099056603774	0.25
20	0.049586776859504	0.22314049586777	0.16646989374262	0.56080283353011
21	0.091370558375635	0.048730964467005	0.16852791878173	0.69137055837563
22	0.8785046728972	0.059190031152648	0.037383177570093	0.024922118380062
23	0.0096463022508039	0.081457663451233	0.90675241157556	0.0021436227224009
24	0.0056179775280899	0.0067415730337079	0.95056179775281	0.037078651685393
25	0.0091012514220705	0.0034129692832765	0.96245733788396	0.025028441410694
26	0.62183908045977	0.027586206896552	0.17126436781609	0.17931034482759
27	0.11774461028192	0.058872305140962	0.70149253731343	0.12189054726368
28	0.010158013544018	0.014672686230248	0.9548532731377	0.020316027088036
29	0.12772277227723	0.034653465346535	0.50792079207921	0.32970297029703
30	0.38188356934143	0.19037986064284	0.17329737019555	0.25443919982018
