Pos	A	C	G	T
1	0.2691038497369072	0.0402684779445192	0.6321849756728566	0.058442696645717
2	0.0867944291720462	0.1549831424271039	0.0370561588231223	0.7211662695777277
3	0.0692626188527649	0.1419390989998723	0.111159629778083	0.6776386523692796
4	0.4178985773833542	0.3075394988451743	0.2187773744240686	0.055784549347403
5	0.0659650385853459	0.0647317683343495	0.0347716086101525	0.8345315844701521
6	0.8725719167270607	0.0280801040100111	0.0490506339573648	0.0502973453055636
7	0.0253180213048926	0.0428899098665478	0.5391554120537246	0.3926366567748351
8	0.5895423338679898	0.2598632466236219	0.1199540595413205	0.0306403599670677
9	0.0925310539165249	0.1623755350342683	0.7128263443827497	0.0322670666664572
10	0.2574288401427189	0.1442275292135335	0.3741810240069552	0.2241626066367923
11	0.0180377807914427	0.0110722708618222	0.959038370677832	0.011851577668903
12	0.7838135768279445	0.1248640559713001	0.0424874091891942	0.0488349580115611
13	0.0561172283463174	0.0800727709674161	0.6685189770375262	0.1952910236487405
14	0.4642009555796136	0.0341548320396656	0.482486906290489	0.0191573060902317
15	0.0341406892464207	0.0377353489174904	0.7513521689732463	0.1767717928628425
16	0.1672630071962238	0.597578261866318	0.1041366497097103	0.1310220812277478
