Pos	A	C	G	T
1	0.33755956804967	0.1199667730512	0.42045206138242	0.12202159751672
2	0.083629123019652	0.095359709116094	0.76569128214007	0.05531988572418
3	0.021316643922639	0.92682697284834	0.005411510046586	0.046444873182438
4	0.031546572934974	0.083128295254833	0.83796133567663	0.047363796133568
5	0.96962134664299	0.0086384796275855	0.016365119738926	0.0053750539904977
6	0.032495313175984	0.28053646108734	0.41753593231745	0.26943229341922
7	0.17814197051978	0.015903801396431	0.58267067494182	0.22328355314197
8	0.012177650429799	0.157861747851	0.82722958452722	0.0027310171919771
9	0.072634896739897	0.34934374558969	0.017970550877358	0.56005080679306
10	0.17599662716073	0.34707453037898	0.10273106291282	0.37419777954748
11	0.2945921435731	0.35244141091117	0.29774235120042	0.055224094315307
12	0.056948896850839	0.40231944182538	0.029181595323402	0.51155006600038
13	0.21371857079841	0.58403176003529	0.024922805469784	0.17732686369652
14	0.42556037265935	0.46374873166682	0.048058297205055	0.062632598468776
15	0.01587826662256	0.014224280516044	0.95458626718964	0.015311185671755
16	0.046853276485309	0.92015015293354	0.0082954861432941	0.024701084437853
17	0.79985905567301	0.011848132487667	0.17389006342495	0.014402748414376
18	0.0052963551446868	0.98329240695267	0.0035148538687467	0.0078963840338967
19	0.40449438202247	0.18373229115779	0.23219345383488	0.17957987298486
20	0.090017558134555	0.62665410474926	0.095499122093272	0.18782921502291
21	0.22763419483101	0.14424563728739	0.27155585008468	0.35656431779692
