Pos	A	C	G	T
1	0.10104452996151732	0.37680043980208905	0.1554700384826828	0.36668499175371083
2	0.40769653655854865	0.411434854315558	0.08894997251236944	0.09191863661352391
3	0.9678944474986256	0.010335349092908192	0.014073666849917538	0.007696536558548653
4	0.897526113249038	0.04463991203958219	0.030786146234194612	0.027047828477185266
5	0.018691588785046728	0.009125893347993403	0.960087960417812	0.012094557449147883
6	0.011874656404617922	0.08235294117647059	0.017811984606926883	0.8879604178119846
7	0.0009895547003848269	0.977130291368884	0.0012094557449147884	0.020670698185816384
8	0.02319956019791094	0.9123694337548104	0.010775151181968114	0.05365585486531061
9	0.9989004947773502	0.00021990104452996153	0.00043980208905992305	0.00043980208905992305
10	0.9716327652556349	0.008466190214403518	0.006487080813633864	0.013413963716327653
11	0.004727872457394173	0.0034084661902144034	0.9909840571742716	0.0008796041781198461
12	0.010555250137438153	0.508411214953271	0.013523914238592633	0.4675096206706982
13	0.8580538757559099	0.06080263881253436	0.03595382078064871	0.04518966465090709
14	0.08653106102253985	0.46992853216052777	0.06652006597031336	0.377020340846619
15	0.10874106652006597	0.03793293018141836	0.8208905992303464	0.032435404068169325
16	0.12754260582737767	0.23892248488180318	0.05475536008796042	0.5787795492028587
17	0.10192413413963716	0.748653106102254	0.07839472237493128	0.07102803738317758
18	0.09708631115997801	0.05354590434304563	0.7737218251786696	0.07564595931830677
19	0.1094282572842221	0.0894172622319956	0.28864760857614075	0.5125068719076415
