Pos	A	C	G	T
1	0.036	0.021	0.902	0.042
2	0.868	0.052	0.074	0.006
3	0.028	0.098	0.04	0.834
4	0.367	0.339	0.181	0.113
5	0.072	0.307	0.085	0.535
6	0.007	0.175	0.133	0.684
7	0.66	0.221	0.112	0.007
8	0.928	0.017	0.048	0.006
9	0.086	0.083	0.217	0.614
10	0.044	0.513	0.239	0.204
11	0.131	0.013	0.84	0.015
12	0.048	0.205	0.18	0.567
13	0.045	0.05	0.859	0.046
14	0.025	0.292	0.03	0.653
15	0.766	0.069	0.096	0.068
16	0.104	0.312	0.326	0.258
