Pos	A	C	G	T
1	0.308363841171501	0.1847366938890453	0.2081103914390313	0.2987890735004224
2	0.3097962601172202	0.1657828635221881	0.2154619034328775	0.3089589729277142
3	0.2649063032367973	0.2311186825667235	0.1916524701873935	0.3123225440090858
4	0.2111205193338978	0.2497883149872989	0.2001128986734406	0.3389782670053627
5	0.2107023411371237	0.2695094760312152	0.1727982162764772	0.3469899665551839
6	0.5911864406779661	0.1412429378531073	0.1505084745762712	0.1170621468926554
7	0.0750364576428477	0.817976932255071	0.0485218082990852	0.0584648018029962
8	0.0684812509048791	0.0577674822643695	0.7949905892572753	0.0787606775734762
9	0.2292413793103448	0.2088275862068966	0.1773793103448276	0.384551724137931
10	0.186618744816146	0.3834669615703622	0.2037600221177772	0.2261542714957147
11	0.3792447704428145	0.141265960336865	0.2545503939146971	0.2249388753056235
12	0.2899628252788104	0.2699456677151845	0.2044609665427509	0.2356305404632542
