Pos	A	C	G	T
1	0.332	0.313	0.185	0.17
2	0.093	0.29	0.383	0.234
3	0.23	0.175	0.337	0.258
4	0.558	0.115	0.194	0.133
5	0.046	0.023	0.018	0.913
6	0.042	0.014	0.682	0.261
7	0.784	0.014	0.144	0.058
8	0.088	0.805	0.052	0.055
9	0.028	0.027	0.913	0.032
10	0.026	0.023	0.018	0.932
11	0.09	0.878	0.013	0.02
12	0.942	0.017	0.024	0.017
13	0.02	0.211	0.038	0.731
14	0.306	0.476	0.067	0.152
15	0.24	0.309	0.152	0.299
16	0.407	0.203	0.167	0.222
17	0.206	0.183	0.244	0.368
