Pos	A	C	G	T
1	0.22984060962695824	0.2680456987216698	0.3029813531718687	0.19913233847950332
2	0.261817111150766	0.2482180783803329	0.278973629847254	0.21099118062164715
3	0.26124123550206724	0.2104181590028336	0.2324487504412908	0.2958918550538085
4	0.38571116907218933	0.18238691821408487	0.2886661930339767	0.14323571967974905
5	0.12761499933884043	0.11178509699274233	0.11690458188172526	0.643695321786692
6	0.03419991015082202	0.08609446451806367	0.06528141893169738	0.8144242063994169
7	0.07553771115614819	0.06442919691160673	0.07750560417457095	0.7825274877576741
8	0.7797510628857804	0.0815779951836713	0.06760745892819335	0.07106348300235486
9	0.7774482944867772	0.09236704779665458	0.08888864494067446	0.0412960127758937
10	0.7417440239879505	0.09102351655877584	0.07520472007627388	0.09202773937699966
11	0.07728455514206352	0.11777252348416893	0.4527357564050888	0.35220716496867877
12	0.14570585751458132	0.14859567611268495	0.510794863636708	0.19490360273602572
13	0.14188612509074638	0.21508482904809428	0.43493257363558957	0.20809647222556973
14	0.26042036403280033	0.3540308489933688	0.16762352110820586	0.21792526586562494
15	0.2350203621025	0.3465610752569505	0.17077719112900563	0.2476413715115439
