Pos	A	C	G	T
1	0.2482389405466328	0.2386587771203156	0.2592279515356438	0.2538743307974077
2	0.2561936936936937	0.2297297297297297	0.2567567567567567	0.2573198198198198
3	0.2519019442096365	0.2569737954353339	0.253592561284869	0.2375316990701606
4	0.2425091010921311	0.2416690002800336	0.2973956874824979	0.2184262111453374
5	0.2712006717044501	0.2034704729918836	0.2753988245172124	0.249930030786454
6	0.2836363636363636	0.2218181818181818	0.2167832167832168	0.2777622377622377
7	0.2492957746478873	0.2461971830985915	0.2667605633802817	0.2377464788732394
8	0.2009410462219762	0.2831442014946028	0.2050927207306947	0.3108220315527263
9	0.1609342915811088	0.2263860369609856	0.1645277207392197	0.4481519507186859
10	0.3666303756124115	0.2297223734349483	0.2221012520413718	0.1815459989112684
11	0.0419383967091402	0.8738838165947627	0.0342129025785091	0.049964884117588
12	0.0515934807432783	0.0375791549880619	0.8682653379009654	0.0425620263676944
