Pos	A	C	G	T
1	0.1319887858480441	0.17263851591459295	0.3819974331514708	0.3133752650858922
2	0.10161368982480735	0.11768560830043354	0.469271556526278	0.31142914534848115
3	0.07058331466568427	0.06977224033011102	0.5902739679121747	0.26937047709202994
4	0.052652453117591515	0.050131338847490485	0.3419928285929065	0.5552233794420114
5	0.04834065127838393	0.07223231406692625	0.5142483560315909	0.36517867862309894
6	0.04648262705992807	0.04277813654537623	0.7547617055013965	0.1559775308932991
7	0.03292247023042019	0.028152500452000198	0.49231426307243015	0.4466107662451493
8	0.051517178706483056	0.04850753055808685	0.7076613650141801	0.19231392572124992
9	0.07700669857537107	0.04937889795763269	0.48477983913959827	0.3888345643273978
10	0.04139707076068181	0.0982818986463954	0.28501004581632483	0.5753109847765979
11	0.1079525296311452	0.15825712722645605	0.544586445266522	0.1892038978758768
12	0.19924887419798673	0.20981488570445755	0.3962850268653607	0.194651213232195
13	0.1298603156038267	0.1832242962541021	0.36600838087054555	0.3209070072715257
14	0.14274396383077156	0.20056703800756162	0.38495532793663123	0.27173367022503553
15	0.14848843167645917	0.21768663621004838	0.33936228106439903	0.2944626510490934
