Pos	A	C	G	T
1	0.346	0.227	0.257	0.171
2	0.107	0.137	0.624	0.133
3	0.126	0.631	0.124	0.119
4	0.493	0.122	0.299	0.086
5	0.019	0.949	0.008	0.024
6	0.135	0.096	0.044	0.725
7	0.02	0.517	0.014	0.449
8	0.182	0.188	0.165	0.465
9	0.783	0.113	0.02	0.084
10	0.244	0.549	0.083	0.123
11	0.844	0.019	0.014	0.124
12	0.015	0.025	0.952	0.009
13	0.006	0.026	0.068	0.9
14	0.166	0.064	0.186	0.584
15	0.15	0.027	0.116	0.707
16	0.295	0.05	0.533	0.122
17	0.071	0.233	0.225	0.471
