Pos	A	C	G	T
1	0.048154	0.846709	0.069021	0.036116
2	0.980738	0.004815	0.008427	0.006019
3	0.544543	0.019262	0.247191	0.189005
4	0.140048	0.016051	0.002006	0.841894
5	0.153692	0.531701	0.034109	0.280498
6	0.010835	0.002006	0.987159	0.0
7	0.004815	0.002809	0.083066	0.90931
8	0.056581	0.937801	0.002006	0.003612
9	0.924157	0.048555	0.01565	0.011637
10	0.009631	0.008828	0.008427	0.973114
11	0.639246	0.026083	0.071027	0.263644
12	0.93138	0.016453	0.027287	0.02488
13	0.077448	0.087881	0.063804	0.770867
14	0.083868	0.047352	0.388443	0.480337
15	0.523676	0.241172	0.154093	0.081059
16	0.202648	0.493981	0.12199	0.18138
