Pos	A	C	G	T
1	0.032	0.699	0.16	0.109
2	0.34	0.391	0.16	0.109
3	0.032	0.417	0.288	0.263
4	0.263	0.596	0.083	0.058
5	0.417	0.058	0.519	0.006
6	0.083	0.006	0.776	0.135
7	0.135	0.032	0.724	0.109
8	0.134865134865135	0.15984015984016	0.57042957042957	0.134865134865135
9	0.00600600600600601	0.981981981981982	0.00600600600600601	0.00600600600600601
10	0.006	0.853	0.032	0.109
11	0.135	0.391	0.314	0.16
12	0.186	0.263	0.468	0.083
13	0.00600600600600601	0.00600600600600601	0.981981981981982	0.00600600600600601
14	0.801801801801802	0.00600600600600601	0.186186186186186	0.00600600600600601
15	0.135	0.006	0.853	0.006
16	0.00600600600600601	0.878878878878879	0.0830830830830831	0.032032032032032
17	0.006	0.878	0.058	0.058
