Pos	A	C	G	T
1	0.969626	0.000778816	0.0194704	0.0101246
2	0.0350467	0.0163551	0.203271	0.745327
3	0.0350467	0.0880062	0.807632	0.0693146
4	0.751558	0.0942368	0.0911215	0.0630841
5	0.795171	0.00700935	0.147196	0.0506231
6	0.0194704	0.306075	0.0101246	0.66433
7	0.116044	0.246885	0.0194704	0.617601
8	0.103583	0.000778816	0.885514	0.0101246
9	0.00389408	0.000778816	0.994548	0.000778816
10	0.0257009	0.0288162	0.944704	0.000778816
11	0.000778816	0.994548	0.00389408	0.000778816
12	0.926012	0.0163551	0.038162	0.0194704
13	0.00389408	0.00389408	0.982087	0.0101246
14	0.000778816	0.963396	0.0101246	0.0257009
15	0.651869	0.19081	0.0506231	0.106698
