Pos	A	C	G	T
1	0.337413	0.414336	0.16958	0.0786713
2	0.561189	0.0856643	0.288462	0.0646853
3	0.16958	0.00174825	0.763986	0.0646853
4	0.0227273	0.00174825	0.973776	0.00174825
5	0.0576923	0.00174825	0.938811	0.00174825
6	0.994755	0.00174825	0.00174825	0.00174825
7	0.833916	0.0227273	0.141608	0.00174825
8	0.00874126	0.00174825	0.987762	0.00174825
9	0.0576923	0.358392	0.16958	0.414336
10	0.141608	0.854895	0.00174825	0.00174825
11	0.861888	0.0297203	0.106643	0.00174825
12	0.0157343	0.204545	0.0576923	0.722028
13	0.00174825	0.148601	0.0576923	0.791958
14	0.00174825	0.0157343	0.344406	0.638112
15	0.0297203	0.945804	0.00174825	0.0227273
