Pos	A	C	G	T
1	0.243659	0.000905797	0.750906	0.00452899
2	0.00452899	0.0117754	0.000905797	0.98279
3	0.946558	0.0117754	0.0335145	0.00815217
4	0.98279	0.0117754	0.00452899	0.000905797
5	0.884964	0.00452899	0.0371377	0.0733696
6	0.0335145	0.00815217	0.0117754	0.946558
7	0.102355	0.000905797	0.89221	0.00452899
8	0.134964	0.105978	0.700181	0.0588768
9	0.363225	0.0987319	0.167572	0.370471
10	0.0697464	0.671196	0.0117754	0.247283
11	0.0516304	0.0769928	0.00815217	0.863225
12	0.964674	0.0117754	0.0153986	0.00815217
13	0.921196	0.0262681	0.0298913	0.0226449
14	0.826993	0.0371377	0.0733696	0.0625
15	0.0914855	0.330616	0.0371377	0.540761
