Pos	A	C	G	T
1	0.14881	0.282143	0.282143	0.286905
2	0.172619	0.477381	0.296429	0.0535714
3	0.144048	0.629762	0.215476	0.0107143
4	0.0869048	0.320238	0.110714	0.482143
5	0.210714	0.158333	0.482143	0.14881
6	0.329762	0.386905	0.239286	0.0440476
7	0.253571	0.439286	0.225	0.0821429
8	0.00595238	0.00119048	0.982143	0.0107143
9	0.00119048	0.0392857	0.958333	0.00119048
10	0.00119048	0.810714	0.0916667	0.0964286
11	0.315476	0.382143	0.158333	0.144048
12	0.110714	0.0297619	0.34881	0.510714
13	0.0345238	0.144048	0.810714	0.0107143
14	0.0678571	0.177381	0.158333	0.596429
15	0.0154762	0.00119048	0.982143	0.00119048
16	0.186905	0.425	0.358333	0.0297619
17	0.486905	0.0869048	0.396429	0.0297619
18	0.0107143	0.00119048	0.977381	0.0107143
19	0.453571	0.272619	0.205952	0.0678571
20	0.210714	0.0678571	0.520238	0.20119
21	0.0869048	0.139286	0.74881	0.025
