Pos	A	C	G	T
1	0.309252	0.15424	0.347594	0.188914
2	0.29256	0.183911	0.317378	0.206152
3	0.131055	0.198737	0.554574	0.115634
4	0.187148	0.440441	0.17085	0.201562
5	0.176631	0.540551	0.178891	0.103927
6	0.138321	0.614031	0.123742	0.123907
7	0.219495	0.532742	0.143522	0.104241
8	0.540767	0.0884229	0.219594	0.151216
9	0.0786475	0.39008	0.194512	0.336761
10	0.319408	0.12133	0.405104	0.154158
11	0.128545	0.211667	0.139198	0.52059
12	0.146429	0.0963149	0.0582543	0.699002
13	0.0963149	0.109411	0.600787	0.193488
14	0.0156038	0.000627452	0.983141	0.000627452
15	0.00564707	0.000627452	0.990588	0.00313726
16	0.00313726	0.870117	0.000627452	0.126118
17	0.0239113	0.000627452	0.972324	0.00313726
18	0.000627452	0.967603	0.0135737	0.0181961
19	0.0231332	0.960156	0.000627452	0.0160835
20	0.947423	0.0255281	0.00855403	0.0184945
21	0.402149	0.276939	0.229633	0.091279
