Pos	A	C	G	T
1	0.182225	0.0262148	0.747442	0.0441176
2	0.0262148	0.0415601	0.898338	0.0338875
3	0.381714	0.128517	0.427749	0.0620205
4	0.136189	0.576087	0.17711	0.110614
5	0.0517903	0.931586	0.00319693	0.0134271
6	0.0441176	0.0108696	0.064578	0.880435
7	0.0287724	0.0108696	0.923913	0.036445
8	0.000639386	0.00319693	0.000639386	0.995524
9	0.0875959	0.0236573	0.803708	0.0850384
10	0.898338	0.00831202	0.036445	0.0569054
11	0.0134271	0.0466752	0.91624	0.0236573
12	0.0338875	0.348465	0.0108696	0.606777
13	0.494246	0.169437	0.212916	0.123402
14	0.315217	0.202685	0.248721	0.233376
15	0.0875959	0.228261	0.241049	0.443095
