Pos	A	C	G	T
1	0.145954	0.0592486	0.365607	0.429191
2	0.00144509	0.0534682	0.74711	0.197977
3	0.278902	0.0881503	0.157514	0.475434
4	0.0187861	0.885838	0.0592486	0.0361272
5	0.226879	0.41185	0.0476879	0.313584
6	0.0419075	0.105491	0.0419075	0.810694
7	0.0187861	0.0187861	0.943642	0.0187861
8	0.169075	0.00144509	0.758671	0.0708092
9	0.122832	0.284682	0.307803	0.284682
10	0.619942	0.0650289	0.163295	0.151734
11	0.348266	0.0130058	0.58526	0.0534682
12	0.0592486	0.099711	0.75289	0.0881503
13	0.0419075	0.169075	0.75289	0.0361272
14	0.330925	0.319364	0.122832	0.226879
15	0.342486	0.388728	0.0823699	0.186416
16	0.434971	0.0765896	0.0592486	0.429191
17	0.145954	0.122832	0.614162	0.117052
18	0.00722543	0.839595	0.0130058	0.140173
19	0.891618	0.0534682	0.00144509	0.0534682
20	0.359827	0.00144509	0.608382	0.0303468
21	0.00144509	0.197977	0.0881503	0.712428
22	0.619942	0.0881503	0.25578	0.0361272
23	0.0476879	0.492775	0.0881503	0.371387
24	0.660405	0.122832	0.157514	0.0592486
