Pos	A	C	G	T
1	0.0803571	0.0882937	0.794643	0.0367063
2	0.743056	0.0763889	0.171627	0.00892857
3	0.802579	0.0565476	0.131944	0.00892857
4	0.0128968	0.00496032	0.965278	0.0168651
5	0.0803571	0.695437	0.116071	0.108135
6	0.635913	0.139881	0.1875	0.0367063
7	0.151786	0.322421	0.0684524	0.457341
8	0.282738	0.112103	0.576389	0.0287698
9	0.358135	0.131944	0.485119	0.0248016
10	0.0763889	0.350198	0.104167	0.469246
11	0.0287698	0.00496032	0.965278	0.000992063
12	0.00892857	0.802579	0.0882937	0.100198
13	0.0525794	0.469246	0.0406746	0.4375
14	0.104167	0.000992063	0.885913	0.00892857
15	0.0128968	0.0525794	0.889881	0.0446429
16	0.00892857	0.826389	0.0922619	0.0724206
17	0.75496	0.0763889	0.155754	0.0128968
18	0.0128968	0.0644841	0.21131	0.71131
19	0.0327381	0.850198	0.100198	0.0168651
20	0.0406746	0.199405	0.12004	0.639881
21	0.0327381	0.0882937	0.874008	0.00496032
