Pos	A	C	G	T
1	0.183333	0.0404762	0.0214286	0.754762
2	0.230952	0.00238095	0.764286	0.00238095
3	0.945238	0.00238095	0.05	0.00238095
4	0.392857	0.297619	0.0595238	0.25
5	0.116667	0.00238095	0.0119048	0.869048
6	0.145238	0.00238095	0.821429	0.0309524
7	0.954762	0.0119048	0.0309524	0.00238095
8	0.459524	0.52619	0.00238095	0.0119048
9	0.145238	0.0785714	0.00238095	0.77381
10	0.440476	0.05	0.440476	0.0690476
11	0.745238	0.107143	0.05	0.097619
12	0.259524	0.240476	0.297619	0.202381
13	0.316667	0.0595238	0.0785714	0.545238
14	0.240476	0.00238095	0.754762	0.00238095
15	0.897619	0.00238095	0.0119048	0.0880952
