Pos	A	C	G	T
1	0.0868146	0.0737598	0.705614	0.133812
2	0.00326371	0.00848564	0.969321	0.0189295
3	0.00587467	0.00326371	0.987598	0.00326371
4	0.274804	0.0293734	0.475849	0.219974
5	0.120757	0.585509	0.144256	0.149478
6	0.115535	0.791775	0.0424282	0.0502611
7	0.363577	0.413185	0.0763708	0.146867
8	0.298303	0.0450392	0.548956	0.107702
9	0.058094	0.00587467	0.810052	0.125979
10	0.00848564	0.000652742	0.984987	0.00587467
11	0.0241514	0.00326371	0.971932	0.000652742
12	0.0163185	0.0137076	0.961488	0.00848564
13	0.230418	0.765666	0.00326371	0.000652742
14	0.293081	0.556789	0.0319843	0.118146
15	0.332245	0.0659269	0.217363	0.384465
16	0.293081	0.12859	0.50718	0.0711488
17	0.0946475	0.167755	0.157311	0.580287
18	0.060705	0.0946475	0.736945	0.107702
19	0.217363	0.392298	0.217363	0.172977
20	0.18342	0.246084	0.360966	0.20953
21	0.233029	0.248695	0.303525	0.214752
