Pos	A	C	G	T
1	0.0876736	0.22309	0.584201	0.105035
2	0.136285	0.132812	0.542535	0.188368
3	0.111979	0.462674	0.309896	0.115451
4	0.0564236	0.382812	0.143229	0.417535
5	0.226563	0.358507	0.219618	0.195312
6	0.0772569	0.0251736	0.736979	0.16059
7	0.000868056	0.0321181	0.966146	0.000868056
8	0.0321181	0.698785	0.143229	0.125868
9	0.0842014	0.198785	0.0842014	0.632812
10	0.0182292	0.0980903	0.851562	0.0321181
11	0.490451	0.0425347	0.407118	0.0598958
12	0.0494792	0.19184	0.153646	0.605035
13	0.0286458	0.608507	0.361979	0.000868056
14	0.132813	0.146701	0.233507	0.486979
15	0.0842014	0.00434028	0.639757	0.271701
16	0.0286458	0.0251736	0.917535	0.0286458
17	0.0564236	0.608507	0.296007	0.0390625
18	0.0598958	0.639757	0.0425347	0.257812
19	0.105035	0.212674	0.28559	0.396701
20	0.0460069	0.0217014	0.875868	0.0564236
21	0.0355903	0.0876736	0.799479	0.0772569
22	0.0425347	0.539062	0.289063	0.12934
23	0.108507	0.594618	0.0529514	0.243924
24	0.0703125	0.344618	0.261285	0.323785
