Pos	A	C	G	T
1	0.152311	0.122899	0.568277	0.156513
2	0.160714	0.148109	0.635504	0.0556723
3	0.135504	0.0682773	0.631303	0.164916
4	0.0304622	0.0598739	0.879202	0.0304622
5	0.139706	0.417017	0.236345	0.206933
6	0.383403	0.198529	0.232143	0.185924
7	0.106092	0.0766807	0.534664	0.282563
8	0.148109	0.181723	0.618697	0.0514706
9	0.206933	0.24895	0.160714	0.383403
10	0.00105042	0.0178571	0.92542	0.0556723
11	0.0220588	0.00105042	0.971639	0.0052521
12	0.00105042	0.00105042	0.980042	0.0178571
13	0.00945378	0.00105042	0.988445	0.00105042
14	0.00945378	0.0598739	0.00105042	0.929622
15	0.00105042	0.00105042	0.996849	0.00105042
16	0.00945378	0.727941	0.156513	0.106092
17	0.0262605	0.887605	0.0136555	0.072479
18	0.139706	0.681723	0.0598739	0.118697
