Pos	A	C	G	T
1	0.445332	0.221744	0.268428	0.0644963
2	0.209459	0.155405	0.489558	0.145577
3	0.125921	0.234029	0.482187	0.157862
4	0.221744	0.256143	0.280713	0.2414
5	0.16769	0.197174	0.435504	0.199631
6	0.170147	0.123464	0.519042	0.187346
7	0.187346	0.135749	0.327396	0.349509
8	0.175061	0.140663	0.199631	0.484644
9	0.152948	0.290541	0.11855	0.437961
10	0.361794	0.0571253	0.170147	0.410934
11	0.0128993	0.000614251	0.985872	0.000614251
12	0.000614251	0.000614251	0.998157	0.000614251
13	0.0988943	0.89742	0.00307125	0.000614251
14	0.998157	0.000614251	0.000614251	0.000614251
15	0.00798526	0.000614251	0.990786	0.000614251
16	0.000614251	0.170147	0.816339	0.0128993
17	0.123464	0.494472	0.0939803	0.288084
18	0.378993	0.177518	0.312654	0.130835
19	0.0644963	0.221744	0.523956	0.189803
20	0.125921	0.234029	0.177518	0.462531
21	0.103808	0.460074	0.123464	0.312654
22	0.347052	0.0964373	0.189803	0.366708
23	0.157862	0.0522113	0.634521	0.155405
24	0.150491	0.214373	0.521499	0.113636
