Pos	A	C	G	T
1	0.590686	0.00245098	0.384804	0.0220588
2	0.502451	0.00245098	0.463235	0.0318627
3	0.82598	0.0514706	0.120098	0.00245098
4	0.404412	0.0318627	0.522059	0.0416667
5	0.0710784	0.492647	0.0612745	0.375
6	0.0122549	0.551471	0.335784	0.10049
7	0.453431	0.129902	0.0220588	0.394608
8	0.355392	0.384804	0.188725	0.0710784
9	0.0318627	0.0906863	0.473039	0.404412
10	0.159314	0.00245098	0.835784	0.00245098
11	0.00245098	0.953431	0.0318627	0.0122549
12	0.0220588	0.178922	0.00245098	0.796569
13	0.875	0.0122549	0.10049	0.0122549
14	0.306373	0.0220588	0.669118	0.00245098
15	0.0122549	0.00245098	0.973039	0.0122549
16	0.0220588	0.00245098	0.973039	0.00245098
17	0.00245098	0.776961	0.00245098	0.218137
18	0.953431	0.00245098	0.0416667	0.00245098
