Pos	A	C	G	T
1	0.0815018	0.198718	0.00457875	0.715201
2	0.000915751	0.00457875	0.905678	0.0888278
3	0.0375458	0.000915751	0.953297	0.00824176
4	0.165751	0.0815018	0.748168	0.00457875
5	0.000915751	0.173077	0.00824176	0.817766
6	0.00824176	0.000915751	0.989927	0.000915751
7	0.601648	0.000915751	0.217033	0.180403
8	0.671245	0.000915751	0.239011	0.0888278
9	0.000915751	0.000915751	0.231685	0.766484
10	0.700549	0.293956	0.000915751	0.00457875
11	0.832418	0.000915751	0.165751	0.000915751
12	0.000915751	0.0485348	0.242674	0.707875
13	0.000915751	0.861722	0.125458	0.0119048
14	0.825092	0.000915751	0.000915751	0.173077
15	0.000915751	0.00457875	0.902015	0.0924908
