Pos	A	C	G	T
1	0.307003	0.101792	0.339577	0.251629
2	0.114821	0.0789902	0.710912	0.0952769
3	0.124593	0.144137	0.626221	0.105049
4	0.241857	0.580619	0.0920195	0.0855049
5	0.678339	0.0757329	0.215798	0.0301303
6	0.0822476	0.111564	0.280945	0.525244
7	0.590391	0.0789902	0.17671	0.153909
8	0.0952769	0.0529316	0.805375	0.0464169
9	0.0855049	0.157166	0.665309	0.0920195
10	0.297231	0.394951	0.137622	0.170195
11	0.22557	0.398208	0.241857	0.134365
12	0.258143	0.290717	0.287459	0.163681
13	0.316775	0.5057	0.0464169	0.131107
14	0.802117	0.00732899	0.189739	0.000814332
15	0.834691	0.0464169	0.101792	0.017101
16	0.0105863	0.196254	0.0138436	0.779316
17	0.0561889	0.000814332	0.93241	0.0105863
18	0.00407166	0.0301303	0.961726	0.00407166
19	0.00407166	0.118078	0.854235	0.0236156
20	0.0464169	0.593648	0.0138436	0.346091
21	0.27443	0.150651	0.121336	0.453583
