Pos	A	C	G	T
1	0.230574	0.0853041	0.646115	0.0380068
2	0.291385	0.0380068	0.619088	0.0515203
3	0.794764	0.0211149	0.0819257	0.102196
4	0.757601	0.0548986	0.0988176	0.0886824
5	0.0751689	0.0616554	0.0684122	0.794764
6	0.169764	0.000844595	0.818412	0.0109797
7	0.0143581	0.000844595	0.983953	0.000844595
8	0.152872	0.000844595	0.838682	0.00760135
9	0.000844595	0.000844595	0.997466	0.000844595
10	0.956926	0.00422297	0.0380068	0.000844595
11	0.190034	0.294764	0.0616554	0.453547
12	0.683277	0.00422297	0.28125	0.03125
13	0.00760135	0.00760135	0.0548986	0.929899
14	0.311655	0.0954392	0.453547	0.139358
15	0.0346284	0.196791	0.0413851	0.727196
