Pos	A	C	G	T
1	0.0492788	0.0300481	0.871394	0.0492788
2	0.0252404	0.0204327	0.933894	0.0204327
3	0.00120192	0.991587	0.00600962	0.00120192
4	0.015625	0.0300481	0.00120192	0.953125
5	0.515625	0.015625	0.46274	0.00600962
6	0.015625	0.155048	0.81851	0.0108173
7	0.683894	0.203125	0.111779	0.00120192
8	0.659856	0.0973558	0.0444712	0.198317
9	0.078125	0.015625	0.895433	0.0108173
10	0.116587	0.63101	0.102163	0.15024
11	0.0300481	0.731971	0.015625	0.222356
12	0.155048	0.203125	0.260817	0.38101
13	0.13101	0.289663	0.481971	0.0973558
14	0.140625	0.299279	0.25601	0.304087
15	0.126202	0.15024	0.515625	0.207933
16	0.294471	0.308894	0.265625	0.13101
17	0.217548	0.179087	0.433894	0.169471
18	0.140625	0.558894	0.198317	0.102163
19	0.19351	0.246394	0.284856	0.27524
20	0.174279	0.236779	0.453125	0.135817
21	0.183894	0.308894	0.27524	0.231971
