Pos	A	C	G	T
1	0.20799999999999996	0.064	0.624	0.10400000000000001
2	0.124	0.156	0.646	0.07400000000000001
3	0.458	0.206	0.228	0.10800000000000001
4	0.402	0.232	0.248	0.11800000000000001
5	0.156	0.53	0.23399999999999999	0.08
6	0.37599999999999995	0.34	0.17200000000000001	0.112
7	0.15600000000000003	0.472	0.252	0.12000000000000001
8	0.6519999999999999	0.09799999999999999	0.178	0.072
9	0.05600000000000001	0.386	0.506	0.052000000000000005
10	0.108	0.08	0.14400000000000002	0.668
11	0.029999999999999995	0.166	0.19799999999999998	0.6060000000000001
12	0.106	0.052000000000000005	0.08600000000000001	0.756
13	0.016000000000000004	0.04	0.92	0.023999999999999997
14	0.556	0.044000000000000004	0.36399999999999993	0.036000000000000004
15	0.11800000000000001	0.062	0.794	0.025999999999999995
16	0.758	0.06	0.17200000000000001	0.01
17	0.902	0.05	0.042	0.006000000000000001
18	0.422	0.39	0.12000000000000001	0.06800000000000002
19	0.15800000000000003	0.454	0.222	0.16600000000000004
20	0.25199999999999995	0.29000000000000004	0.36000000000000004	0.098
21	0.11600000000000002	0.458	0.184	0.242
