Pos	A	C	G	T
1	0.5625245259332419	0.0704909473586773	0.2689187770018228	0.098065749706258
2	0.4028517699617186	0.2604674026406909	0.0908198636055273	0.2458609637920634
3	0.0853595149607697	0.7440091437625966	0.1084793778051225	0.0621519634715113
4	0.1179224186614309	0.3031719121730796	0.3368907084782729	0.2420149606872166
5	0.32755484986592	0.2542586822592504	0.2785225188468699	0.1396639490279597
6	0.2305912286854491	0.1160690146926229	0.0909712631835995	0.5623684934383286
7	0.1813578134973903	0.5224706063321363	0.069241918774564	0.2269296613959095
8	0.1874617962218654	0.1578354423252846	0.4932157784006249	0.1614869830522251
9	0.0654667726980681	0.1242070593748773	0.7051109165331603	0.1052152513938943
10	0.2727610274218742	0.1321250787560895	0.4331810114884934	0.1619328823335428
11	0.2452602519042062	0.0704969315012332	0.5695698263266742	0.1146729902678862
12	0.0850778944750287	0.5487374014295955	0.0919766727379849	0.2742080313573909
13	0.0542289301825763	0.7085734445503165	0.1049920354939724	0.1322055897731345
14	0.0564362837098605	0.1948752521113085	0.4999707312981248	0.2487177328807061
15	0.4376450238692153	0.1165321249830608	0.2562530923121382	0.1895697588355854
16	0.3655457707653162	0.0724353842038854	0.462073443805677	0.0999454012251213
17	0.2523046959782633	0.2110824243560807	0.1557715603162278	0.3808413193494279
18	0.1497526310480315	0.1339915055433312	0.6246791181991409	0.0915767452094964
19	0.1213614908904545	0.4953134488236797	0.2370147183367373	0.1463103419491285
20	0.2533264005496815	0.4336910838232454	0.0994008541200887	0.2135816615069843
