Pos	A	C	G	T
1	0.1287917695199761	0.1483080388385257	0.5638509845680413	0.1590492070734569
2	0.2466550290022045	0.2258483525545907	0.1730819279412365	0.3544146905019682
3	0.3950225149672019	0.268892433349679	0.1336522667671	0.202432784916019
4	0.3300169400548504	0.1253663933911522	0.4014281100885819	0.1431885564654154
5	0.2948581818351741	0.1336745731720423	0.4943691888347466	0.0770980561580369
6	0.053955093948076	0.8428145236441326	0.0373919053793317	0.0658384770284597
7	0.5353300933092096	0.080194224284088	0.3299928754024088	0.0544828070042936
8	0.2878224075772357	0.0680214582051481	0.6056471938952924	0.0385089403223237
9	0.1079133399251277	0.7892494895637938	0.0452633687183783	0.0575738017927
10	0.78351054557496	0.0672016389543248	0.0727918035821895	0.0764960118885256
11	0.29640249449037	0.2060822859813876	0.2247047761420529	0.2728104433861894
12	0.5500976277409294	0.1888275901590442	0.1836571738589781	0.0774176082410482
13	0.1382672026178426	0.4959243627818345	0.0662376045722131	0.2995708300281097
14	0.2402641491645838	0.3876072141377727	0.1494513274627582	0.2226773092348851
15	0.2705444959763085	0.2959187045414092	0.236533840374648	0.1970029591076344
16	0.2267859394722858	0.2790741951388749	0.2013603822282244	0.2927794831606149
17	0.2512923777057418	0.2142102406733083	0.2428292743812924	0.2916681072396576
18	0.2760866397223295	0.1366611969117367	0.4150746217190285	0.1721775416469054
19	0.2657323577603134	0.1249954087514	0.4524129836556364	0.15685924983265
20	0.2119372196734028	0.2034733393568103	0.3259034238174092	0.2586860171523778
