Pos	A	C	G	T
1	0.04149377593360995	0.001037344398340249	0.9543568464730291	0.0031120331950207467
2	0.025933609958506226	0.0	0.9730290456431535	0.001037344398340249
3	0.9927385892116183	0.004149377593360996	0.002074688796680498	0.001037344398340249
4	0.8962655601659751	0.012448132780082985	0.09024896265560164	0.001037344398340249
5	0.004149377593360996	0.024896265560165973	0.0	0.970954356846473
6	0.9927385892116183	0.001037344398340249	0.005186721991701244	0.001037344398340249
7	0.0051867219917012455	0.6556016597510373	0.04356846473029046	0.29564315352697096
8	0.0062240663900414925	0.012448132780082985	0.010373443983402487	0.970954356846473
9	0.9968879668049793	0.0	0.0031120331950207467	0.0
10	0.002074688796680498	0.22302904564315354	0.01659751037344398	0.758298755186722
11	0.1804979253112033	0.0062240663900414925	0.47199170124481327	0.34128630705394186
12	0.007261410788381742	0.9336099585062241	0.013485477178423235	0.045643153526970945
13	0.9408713692946058	0.0	0.0425311203319502	0.01659751037344398
14	0.037344398340248955	0.022821576763485476	0.9387966804979253	0.001037344398340249
15	0.002074688796680498	0.9574688796680498	0.00829875518672199	0.032157676348547715
16	0.11825726141078836	0.8423236514522822	0.0031120331950207467	0.03630705394190871
17	0.7811203319502075	0.03630705394190871	0.09958506224066388	0.0829875518672199
18	0.023858921161825725	0.022821576763485476	0.03526970954356846	0.9180497925311203
19	0.3921161825726141	0.04979253112033194	0.5228215767634855	0.03526970954356846
20	0.9906639004149378	0.0031120331950207467	0.0031120331950207467	0.0031120331950207467
21	0.9948132780082988	0.0031120331950207467	0.002074688796680498	0.0
22	0.9543568464730291	0.01970954356846473	0.025933609958506226	0.0
23	0.9968879668049793	0.001037344398340249	0.0	0.002074688796680498
24	0.5881742738589211	0.005186721991701245	0.3858921161825727	0.020746887966804982
25	0.028008298755186723	0.009336099585062239	0.8921161825726142	0.07053941908713691
