Pos	A	C	G	T
1	0.2017438679515887	0.1711125343249779	0.5184135164859045	0.1087300812375289
2	0.470229730860487	0.2292106738915867	0.182767382052938	0.1177922131949883
3	0.4894527149809864	0.0768968395115987	0.3449858016424058	0.0886646438650091
4	0.0947255897744987	0.3525642011101193	0.1421927654847113	0.4105174436306707
5	0.0642638131186629	0.132142040201293	0.74055503758313	0.0630391090969139
6	0.1444680119361538	0.4703196553124686	0.247254032497681	0.1379583002536966
7	0.2249314155450911	0.1747272921809756	0.3289508939843656	0.2713903982895676
8	0.1674014908527732	0.145483953300789	0.1621552974373337	0.524959258409104
9	0.2296850217637173	0.2581291627080978	0.0714086633225846	0.4407771522056003
10	0.1091557691085628	0.5507061595763962	0.1876206366204724	0.1525174346945685
11	0.111266809610338	0.0921619007858778	0.744057416762708	0.0525138728410762
12	0.1860813218901194	0.0672980579946192	0.5373429300710729	0.2092776900441886
13	0.2046400200762917	0.6408679773457634	0.0706214326270708	0.0838705699508739
14	0.0975777128213271	0.3202121653436299	0.2212884928883436	0.3609216289466994
15	0.1588209170689407	0.1065162102331855	0.6599142467090523	0.0747486259888216
16	0.0632405267650847	0.606491975972611	0.242421012534516	0.0878464847277883
17	0.3959501146793148	0.0636973924099992	0.430578279589342	0.1097742133213439
18	0.3452638564009898	0.1521105801017975	0.2570860841941965	0.2455394793030162
19	0.1110071949086325	0.2635498365158011	0.2952644882299154	0.3301784803456511
20	0.0864037771727513	0.2918712187825122	0.2890536465345329	0.3326713575102037
