Pos	A	C	G	T
1	0.234578241498749	0.2650246973768998	0.2623845756610667	0.2380124854632845
2	0.2147365481707279	0.2388937750623992	0.3191177667539831	0.2272519100128897
3	0.2497822581829007	0.2504509239602422	0.29449216778793	0.2052746500689271
4	0.2682679954502935	0.2615677107438373	0.2737468141111993	0.1964174796946701
5	0.223826493453617	0.2103842142122913	0.3528237911714762	0.2129655011626156
6	0.2180651814794627	0.2560955401339346	0.286077625793095	0.2397616525935077
7	0.1792274135138894	0.1463311987898122	0.4084266723098035	0.2660147153864948
8	0.3081719251305348	0.0449359075710731	0.5907429677224394	0.0561491995759528
9	0.4146795213105387	0.1850633488044253	0.3489888501373086	0.0512682797477275
10	0.0890054532120958	0.310708760439244	0.4861438000179921	0.114141986330668
11	0.065991916006897	0.7239038390401478	0.0866474568621946	0.1234567880907605
12	0.1281767956085371	0.1179074650823401	0.6491636365302446	0.1047521027788786
13	0.0456505966271238	0.0336534233011894	0.6634568266752839	0.257239153396403
14	0.8735879420866681	0.0390566517318297	0.0364208853209687	0.0509345208605334
15	0.6562117950491719	0.1064745604247226	0.1473614949619864	0.089952149564119
16	0.06417946362909	0.2454824933640524	0.103902728247639	0.5864353147592186
17	0.1673247891665205	0.2514421308563496	0.1250246977343197	0.4562083822428101
18	0.1135408030543478	0.0622659692035676	0.7657191654249198	0.0584740623171647
19	0.1296968549003095	0.5007978288937065	0.135211123994697	0.234294192211287
20	0.2569623886116565	0.2015683793096853	0.240068884853225	0.3014003472254331
