Pos	A	C	G	T
1	0.3780486884289354	0.1958309396693647	0.2766942546331528	0.1494261172685472
2	0.1816949944508002	0.1969200934832109	0.1998746632247332	0.421510248841256
3	0.4060965560830301	0.2277407656945078	0.2071300617132906	0.1590326165091715
4	0.4050531333294387	0.1456661828541207	0.3112852898328543	0.1379953939835861
5	0.3056453407357099	0.0978088309127755	0.3390550017937539	0.257490826557761
6	0.1812705757931233	0.3056127155242717	0.2635207175124103	0.2495959911701948
7	0.6667307272921895	0.1519819308139812	0.1186087853745493	0.0626785565192799
8	0.0512233250372576	0.1661566823558908	0.7271359720730313	0.0554840205338204
9	0.0467919205251359	0.1068500033142692	0.7704646500773078	0.0758934260832871
10	0.0640408210908359	0.3335083286741378	0.0546547233561066	0.5477961268789198
11	0.7659173415792401	0.0793651804939846	0.0723206394326106	0.0823968384941648
12	0.0471400786376561	0.6329930326519863	0.0606314298312465	0.2592354588791111
13	0.6071775336564886	0.1670713584548985	0.1702044718752226	0.0555466360133904
14	0.0874987356080059	0.0907498341908082	0.7525343134442543	0.0692171167569316
15	0.09896326191013	0.6814959072251062	0.0829953825778073	0.1365454482869564
16	0.139674365348045	0.3915257065035918	0.1408278018955624	0.3279721262528008
17	0.2384225895712092	0.2794711028875179	0.3048067041737711	0.1772996033675018
18	0.2329380170526631	0.1935847494311504	0.3334521640578253	0.240025069458361
19	0.2922652350756264	0.2342118257772762	0.2589750116947201	0.2145479274523772
20	0.2656868225509055	0.2368271416075989	0.256976162664715	0.2405098731767807
