Pos	A	C	G	T
1	0.1933538020687518	0.3035204297880755	0.2147423539656131	0.2883834141775596
2	0.1816072359509435	0.4769472514181536	0.1498379034383183	0.1916076091925846
3	0.0768127279868277	0.1789850915507862	0.5515495894956052	0.1926525909667809
4	0.4535030185982369	0.2857844842687924	0.1794519682535915	0.0812605288793797
5	0.1527413627929629	0.2485867636082741	0.4155316958904787	0.1831401777082845
6	0.431550075713619	0.1165157513594522	0.1229015937583913	0.3290325791685373
7	0.3044681605238419	0.2732481142403675	0.3073022063418787	0.1149815188939119
8	0.3314328591775975	0.1437952213887963	0.2957805190677026	0.2289914003659035
9	0.186294670790994	0.1669048955131389	0.4997546342144704	0.1470457994813966
10	0.6053130164871375	0.210297442719598	0.0812962903077057	0.1030932504855587
11	0.1013571680411891	0.1209568908039675	0.5331253605145079	0.2445605806403356
12	0.1067454741417414	0.7542738406259043	0.043295587767236	0.0956850974651184
13	0.0627528901895417	0.0813110724555664	0.754593827809227	0.1013422095456645
14	0.429414814088193	0.2321308850057721	0.2185360711702339	0.1199182297358009
15	0.2353417118690299	0.1226035984386321	0.5104675889965818	0.1315871006957563
16	0.1731005681705675	0.5489602409231655	0.1519996218866503	0.1259395690196163
17	0.1011154188068439	0.1894777384971178	0.6030040214585488	0.1064028212374895
18	0.2555222121874348	0.220722277083496	0.420042368208388	0.1037131425206812
19	0.3645371544498596	0.1375958828226967	0.3813163660495977	0.1165505966778459
20	0.4298825410900416	0.1186415155407619	0.330696868432907	0.1207790749362895
