Pos	A	C	G	T
1	0.7653061224489796	0.04081632653061224	0.16326530612244897	0.030612244897959183
2	0.04081632653061224	0.40816326530612246	0.03571428571428571	0.5153061224489796
3	0.3877551020408163	0.025510204081632654	0.5663265306122449	0.02040816326530612
4	0.04081632653061224	0.8571428571428571	0.02040816326530612	0.08163265306122448
5	0.02040816326530612	0.07142857142857142	0.025510204081632654	0.8826530612244898
6	0.7602040816326531	0.04081632653061224	0.1683673469387755	0.030612244897959183
7	0.02040816326530612	0.8010204081632653	0.030612244897959183	0.14795918367346939
8	0.9030612244897959	0.05102040816326531	0.04081632653061224	0.00510204081632653
9	0.7959183673469388	0.10204081632653061	0.05612244897959184	0.04591836734693878
10	0.8622448979591837	0.00510204081632653	0.10714285714285714	0.025510204081632654
11	0.01020408163265306	0.15816326530612246	0.09183673469387756	0.7397959183673469
12	0.030612244897959183	0.8112244897959183	0.03571428571428571	0.12244897959183673
13	0.826530612244898	0.02040816326530612	0.11224489795918367	0.04081632653061224
14	0.16326530612244897	0.01020408163265306	0.7908163265306123	0.03571428571428571
15	0.16326530612244897	0.025510204081632654	0.7653061224489796	0.04591836734693878
16	0.17857142857142858	0.10204081632653061	0.6173469387755102	0.10204081632653061
17	0.10204081632653061	0.6683673469387755	0.03571428571428571	0.19387755102040816
18	0.07653061224489796	0.1377551020408163	0.04591836734693878	0.7397959183673469
19	0.0	0.1836734693877551	0.11224489795918367	0.7040816326530612
20	0.025510204081632654	0.32142857142857145	0.05102040816326531	0.6020408163265306
21	0.1326530612244898	0.25	0.05612244897959184	0.5612244897959183
