Pos	A	C	G	T
1	0.2857142857142857	0.23214285714285715	0.125	0.35714285714285715
2	0.10714285714285714	0.26785714285714285	0.17857142857142858	0.44642857142857145
3	0.5357142857142857	0.08928571428571429	0.26785714285714285	0.10714285714285714
4	0.30357142857142855	0.05357142857142857	0.03571428571428571	0.6071428571428571
5	0.10714285714285714	0.05357142857142857	0.16071428571428573	0.6785714285714286
6	0.8571428571428571	0.017857142857142856	0.125	0.0
7	0.03571428571428571	0.0	0.9642857142857143	0.0
8	1.0	0.0	0.0	0.0
9	0.9821428571428571	0.0	0.017857142857142856	0.0
10	1.0	0.0	0.0	0.0
11	0.0	0.0	0.0	1.0
12	0.0	0.0	1.0	0.0
13	0.0	0.9642857142857143	0.017857142857142856	0.017857142857142856
14	0.0	0.2857142857142857	0.0	0.7142857142857143
15	0.08928571428571429	0.14285714285714285	0.3392857142857143	0.42857142857142855
16	0.07142857142857142	0.08928571428571429	0.7321428571428571	0.10714285714285714
17	0.08928571428571429	0.08928571428571429	0.7678571428571429	0.05357142857142857
18	0.25	0.375	0.23214285714285715	0.14285714285714285
19	0.5357142857142857	0.32142857142857145	0.03571428571428571	0.10714285714285714
20	0.14285714285714285	0.6785714285714286	0.017857142857142856	0.16071428571428573
21	0.17857142857142858	0.5714285714285714	0.05357142857142857	0.19642857142857142
