Pos	A	C	G	T
1	0.4702702702702703	0.15675675675675677	0.24324324324324326	0.12972972972972974
2	0.42702702702702705	0.2594594594594595	0.21081081081081082	0.10270270270270271
3	0.4756756756756757	0.10810810810810811	0.2864864864864865	0.12972972972972974
4	0.15135135135135136	0.07567567567567568	0.6918918918918919	0.08108108108108109
5	0.43783783783783786	0.25405405405405407	0.22702702702702704	0.08108108108108109
6	0.20540540540540542	0.4756756756756757	0.05405405405405406	0.2648648648648649
7	0.0918918918918919	0.06486486486486487	0.15675675675675677	0.6864864864864865
8	0.2972972972972973	0.22162162162162163	0.40540540540540543	0.07567567567567568
9	0.16756756756756758	0.3945945945945946	0.0918918918918919	0.34594594594594597
10	0.11351351351351352	0.13513513513513514	0.08648648648648649	0.6648648648648648
11	0.7513513513513513	0.05945945945945946	0.12432432432432433	0.06486486486486487
12	0.6486486486486487	0.03783783783783784	0.31351351351351353	0.0
13	0.02702702702702703	0.0	0.972972972972973	0.0
14	0.9513513513513514	0.0	0.010810810810810811	0.03783783783783784
15	0.3891891891891892	0.0	0.6108108108108108	0.0
16	0.9135135135135135	0.0	0.06486486486486487	0.021621621621621623
17	0.572972972972973	0.032432432432432434	0.2972972972972973	0.0972972972972973
18	0.5567567567567567	0.0	0.44324324324324327	0.0
19	0.8918918918918919	0.043243243243243246	0.0	0.06486486486486487
20	0.8054054054054054	0.05405405405405406	0.032432432432432434	0.10810810810810811
21	0.11351351351351352	0.016216216216216217	0.8432432432432433	0.02702702702702703
22	0.15675675675675677	0.15675675675675677	0.2756756756756757	0.41081081081081083
