Pos	A	C	G	T
1	0.13761467889908258	0.0030581039755351682	0.009174311926605505	0.8501529051987767
2	0.14067278287461774	0.01834862385321101	0.012232415902140673	0.8287461773700305
3	0.039755351681957186	0.03669724770642202	0.009174311926605505	0.9143730886850153
4	0.0764525993883792	0.021406727828746176	0.03058103975535168	0.8715596330275229
5	0.0672782874617737	0.01529051987767584	0.8501529051987767	0.0672782874617737
6	0.9357798165137615	0.0030581039755351682	0.012232415902140673	0.04892966360856269
7	0.01834862385321101	0.0030581039755351682	0.9755351681957186	0.0030581039755351682
8	0.9602446483180428	0.0061162079510703364	0.024464831804281346	0.009174311926605505
9	0.01834862385321101	0.6024464831804281	0.04281345565749235	0.3363914373088685
10	0.4434250764525994	0.009174311926605505	0.5198776758409785	0.027522935779816515
11	0.045871559633027525	0.045871559633027525	0.8868501529051988	0.021406727828746176
12	0.7920489296636085	0.012232415902140673	0.1743119266055046	0.021406727828746176
13	0.05198776758409786	0.027522935779816515	0.9051987767584098	0.01529051987767584
14	0.0030581039755351682	0.03058103975535168	0.012232415902140673	0.9541284403669725
15	0.0061162079510703364	0.8165137614678899	0.012232415902140673	0.1651376146788991
16	0.0061162079510703364	0.01529051987767584	0.0061162079510703364	0.9724770642201835
17	0.021406727828746176	0.654434250764526	0.045871559633027525	0.2782874617737003
18	0.3730886850152905	0.04281345565749235	0.5321100917431193	0.05198776758409786
19	0.0030581039755351682	0.9204892966360856	0.027522935779816515	0.04892966360856269
20	0.01529051987767584	0.045871559633027525	0.0061162079510703364	0.9327217125382263
21	0.04281345565749235	0.8165137614678899	0.07033639143730887	0.07033639143730887
