Pos	A	C	G	T
1	0.025454545454545455	0.05090909090909091	0.9054545454545454	0.01818181818181818
2	0.05818181818181818	0.8072727272727273	0.01090909090909091	0.12363636363636364
3	0.14909090909090908	0.21454545454545454	0.025454545454545455	0.610909090909091
4	0.03272727272727273	0.9672727272727273	0.0	0.0
5	0.014545454545454545	0.0036363636363636364	0.0	0.9818181818181818
6	0.0	0.0	0.9927272727272727	0.007272727272727273
7	0.9709090909090909	0.007272727272727273	0.0036363636363636364	0.01818181818181818
8	0.06909090909090909	0.2109090909090909	0.4072727272727273	0.31272727272727274
9	0.9381818181818182	0.03272727272727273	0.02909090909090909	0.0
10	0.9490909090909091	0.0036363636363636364	0.01818181818181818	0.02909090909090909
11	0.02181818181818182	0.0036363636363636364	0.9381818181818182	0.03636363636363636
12	0.01090909090909091	0.007272727272727273	0.3781818181818182	0.6036363636363636
13	0.04727272727272727	0.7090909090909091	0.02909090909090909	0.21454545454545454
14	0.02909090909090909	0.9018181818181819	0.05818181818181818	0.01090909090909091
15	0.0036363636363636364	0.08363636363636363	0.007272727272727273	0.9054545454545454
16	0.007272727272727273	0.0036363636363636364	0.9672727272727273	0.02181818181818182
17	0.03272727272727273	0.8436363636363636	0.0	0.12363636363636364
