Pos	A	C	G	T
1	0.03225806451612903	0.021505376344086023	0.010752688172043012	0.9354838709677419
2	0.0	0.0	0.946236559139785	0.053763440860215055
3	0.13978494623655913	0.0	0.40860215053763443	0.45161290322580644
4	0.07526881720430108	0.7741935483870968	0.08602150537634409	0.06451612903225806
5	0.0	0.9139784946236559	0.03225806451612903	0.053763440860215055
6	0.010752688172043012	0.7311827956989247	0.08602150537634409	0.17204301075268819
7	0.12903225806451613	0.3870967741935484	0.13978494623655913	0.34408602150537637
8	0.1935483870967742	0.3118279569892473	0.13978494623655913	0.3548387096774194
9	0.10752688172043011	0.3763440860215054	0.3333333333333333	0.1827956989247312
10	0.0967741935483871	0.5053763440860215	0.23655913978494625	0.16129032258064516
11	0.08602150537634409	0.25806451612903225	0.46236559139784944	0.1935483870967742
12	0.0967741935483871	0.3655913978494624	0.46236559139784944	0.07526881720430108
13	0.021505376344086023	0.5376344086021505	0.3225806451612903	0.11827956989247312
14	0.053763440860215055	0.22580645161290322	0.5161290322580645	0.20430107526881722
15	0.25806451612903225	0.41935483870967744	0.12903225806451613	0.1935483870967742
16	0.10752688172043011	0.44086021505376344	0.23655913978494625	0.21505376344086022
17	0.010752688172043012	0.9247311827956989	0.0	0.06451612903225806
18	0.010752688172043012	0.9247311827956989	0.03225806451612903	0.03225806451612903
19	0.053763440860215055	0.0	0.9032258064516129	0.043010752688172046
20	0.0	0.021505376344086023	0.021505376344086023	0.956989247311828
21	0.7204301075268817	0.24731182795698925	0.021505376344086023	0.010752688172043012
22	0.06451612903225806	0.21505376344086022	0.6881720430107527	0.03225806451612903
23	0.16129032258064516	0.34408602150537637	0.15053763440860216	0.34408602150537637
