Pos	A	C	G	T
1	0.106164383561644	0.0650684931506849	0.0582191780821918	0.770547945205479
2	0.023972602739726	0.023972602739726	0.931506849315069	0.0205479452054795
3	0.388698630136986	0.527397260273973	0.035958904109589	0.0479452054794521
4	0.375	0.0462328767123288	0.0256849315068493	0.553082191780822
5	0.00171232876712329	0.00513698630136986	0.98972602739726	0.00342465753424658
6	0.0188356164383562	0.0719178082191781	0.232876712328767	0.676369863013699
7	0.974315068493151	0.00513698630136986	0.00856164383561644	0.011986301369863
8	0.967465753424658	0.0205479452054795	0.00342465753424658	0.00856164383561644
9	0.00684931506849315	0.00856164383561644	0.00342465753424658	0.981164383561644
10	0.00684931506849315	0.977739726027397	0.00856164383561644	0.00684931506849315
11	0.035958904109589	0.121575342465753	0.00684931506849315	0.835616438356164
12	0.0599315068493151	0.561643835616438	0.113013698630137	0.26541095890411
