Pos	A	C	G	T
1	0.178381755701343	0.0256169946891596	0.616369884411122	0.179631365198375
2	0.0449859418931584	0.32739768822243	0.0374882849109653	0.590128084973446
3	0.0287410184317401	0.907216494845361	0.0124960949703218	0.0515463917525773
4	0.923461418306779	0.0318650421743205	0.0187441424554827	0.0259293970634177
5	0.730709153389566	0.0103092783505155	0.209934395501406	0.049047172758513
6	0.0149953139643861	0.935645110902843	0.0149953139643861	0.0343642611683849
7	0.0306154326772883	0.874414245548266	0.00531084036238675	0.0896594814120587
8	0.676038737894408	0.159637613245861	0.0290534208059981	0.135270228053733
9	0.947516401124649	0.01437050921587	0.0259293970634177	0.0121836925960637
10	0.063417681974383	0.00968447360199938	0.909090909090909	0.0178069353327085
11	0.961574507966261	0.0084348641049672	0.0215557638238051	0.0084348641049672
12	0.966885348328647	0.0106216807247735	0.0106216807247735	0.0118712902218057
13	0.00781005935645111	0.0215557638238051	0.00905966885348329	0.961574507966261
14	0.354889097157138	0.0893470790378007	0.0471727585129647	0.508591065292096
15	0.0343642611683849	0.568572321149641	0.0443611371446423	0.352702280537332
