Pos	A	C	G	T
1	0.797118847539015	0.109243697478992	0.0696278511404562	0.0240096038415366
2	0.434573829531813	0.266506602641056	0.272509003601441	0.0264105642256903
3	0.0576230492196879	0.0948379351740696	0.153661464585834	0.693877551020408
4	0.423769507803121	0.0168067226890756	0.374549819927971	0.184873949579832
5	0.0204081632653061	0.00240096038415366	0.971188475390156	0.00600240096038415
6	0.014405762304922	0.00480192076830732	0.965186074429772	0.0156062424969988
7	0.00120048019207683	0.0120048019207683	0.985594237695078	0.00120048019207683
8	0.998799519807923	0.0	0.00120048019207683	0.0
9	0.0156062424969988	0.00120048019207683	0.979591836734694	0.00360144057623049
10	0.00840336134453781	0.953181272509004	0.00480192076830732	0.0336134453781513
11	0.0120048019207683	0.897959183673469	0.0	0.0900360144057623
12	0.960384153661465	0.0204081632653061	0.014405762304922	0.00480192076830732
13	0.0372148859543818	0.208883553421369	0.0372148859543818	0.716686674669868
14	0.198079231692677	0.0312124849939976	0.523409363745498	0.247298919567827
15	0.0288115246098439	0.0192076830732293	0.938775510204082	0.0132052821128451
16	0.733493397358944	0.110444177671068	0.114045618247299	0.0420168067226891
17	0.629051620648259	0.0204081632653061	0.258103241296519	0.092436974789916
18	0.0792316926770708	0.00480192076830732	0.853541416566627	0.0624249699879952
19	0.106842737094838	0.00840336134453781	0.870348139255702	0.014405762304922
20	0.070828331332533	0.192076830732293	0.0900360144057623	0.647058823529412
21	0.0384153661464586	0.0672268907563025	0.165666266506603	0.728691476590636
