Pos	A	C	G	T
1	0.833457249070632	0.0657992565055762	0.0438661710037175	0.0568773234200744
2	0.823048327137546	0.0676579925650558	0.0553903345724907	0.0539033457249071
3	0.862825278810409	0.0546468401486989	0.0397769516728625	0.0427509293680297
4	0.524163568773234	0.278438661710037	0.0271375464684015	0.170260223048327
5	0.0263940520446097	0.0494423791821561	0.0204460966542751	0.903717472118959
6	0.123048327137546	0.0275092936802974	0.824907063197026	0.0245353159851301
7	0.00706319702602231	0.0297397769516729	0.00446096654275093	0.958736059479554
8	0.00669144981412639	0.00557620817843866	0.968773234200744	0.0189591078066914
9	0.00483271375464684	0.000371747211895911	0.992565055762082	0.00223048327137546
10	0.0033457249070632	0.0527881040892193	0.000371747211895911	0.943494423791822
11	0.967657992565056	0.0100371747211896	0.00408921933085502	0.0182156133828996
12	0.0133828996282528	0.287732342007435	0.00780669144981413	0.691078066914498
13	0.868401486988848	0.0033457249070632	0.123791821561338	0.00446096654275093
14	0.00780669144981413	0.0368029739776952	0.0189591078066915	0.936431226765799
15	0.218587360594796	0.733457249070632	0.0301115241635688	0.0178438661710037
16	0.0245353159851301	0.679182156133829	0.00223048327137546	0.294052044609665
17	0.937174721189591	0.012639405204461	0.0286245353159851	0.0215613382899628
18	0.0345724907063197	0.160594795539033	0.0553903345724907	0.749442379182156
19	0.755390334572491	0.0197026022304833	0.127509293680297	0.0973977695167286
20	0.0877323420074349	0.770631970260223	0.0171003717472119	0.12453531598513
