Pos	A	C	G	T
1	0.082089552238806	0.083955223880597	0.76865671641791	0.0652985074626866
2	0.0634328358208955	0.0634328358208955	0.0876865671641791	0.78544776119403
3	0.483208955223881	0.0447761194029851	0.382462686567164	0.0895522388059701
4	0.712686567164179	0.100746268656716	0.0895522388059701	0.0970149253731343
5	0.908582089552239	0.0223880597014925	0.042910447761194	0.0261194029850746
6	0.300373134328358	0.042910447761194	0.546641791044776	0.110074626865672
7	0.0149253731343284	0.00373134328358209	0.977611940298508	0.00373134328358209
8	0.00373134328358209	0.0167910447761194	0.00559701492537313	0.973880597014925
9	0.541044776119403	0.00186567164179104	0.457089552238806	0.0
10	0.00932835820895523	0.0298507462686567	0.00559701492537313	0.955223880597015
11	0.975746268656716	0.00559701492537313	0.0149253731343284	0.00373134328358209
12	0.00559701492537313	0.30410447761194	0.00186567164179104	0.688432835820895
13	0.00186567164179104	0.00373134328358209	0.00559701492537313	0.988805970149254
14	0.0317164179104478	0.0	0.960820895522388	0.00746268656716418
15	0.0466417910447761	0.826492537313433	0.0242537313432836	0.102611940298507
16	0.110074626865672	0.0186567164179104	0.0317164179104478	0.83955223880597
17	0.113805970149254	0.0242537313432836	0.753731343283582	0.108208955223881
18	0.111940298507463	0.0746268656716418	0.617537313432836	0.19589552238806
19	0.0205223880597015	0.777985074626866	0.119402985074627	0.082089552238806
20	0.0690298507462687	0.787313432835821	0.0503731343283582	0.0932835820895522
21	0.0615671641791045	0.218283582089552	0.0279850746268657	0.692164179104478
