Pos	A	C	G	T
1	0.619565217391304	0.0940217391304348	0.185326086956522	0.101086956521739
2	0.151630434782609	0.0206521739130435	0.664673913043478	0.16304347826087
3	0.0157608695652174	0.00543478260869565	0.971739130434783	0.00706521739130435
4	0.928260869565217	0.00760869565217391	0.058695652173913	0.00543478260869565
5	0.0141304347826087	0.00597826086956522	0.971195652173913	0.00869565217391305
6	0.00543478260869565	0.47554347826087	0.0195652173913043	0.49945652173913
7	0.283695652173913	0.00326086956521739	0.648913043478261	0.0641304347826087
8	0.00597826086956522	0.000543478260869565	0.984782608695652	0.00869565217391305
9	0.990760869565217	0.00108695652173913	0.00380434782608696	0.00434782608695652
10	0.98695652173913	0.00489130434782609	0.00652173913043478	0.0016304347826087
11	0.00434782608695652	0.0472826086956522	0.0146739130434783	0.933695652173913
12	0.0385869565217391	0.0179347826086957	0.0260869565217391	0.917391304347826
13	0.0103260869565217	0.00543478260869565	0.981521739130435	0.00271739130434783
14	0.0157608695652174	0.872826086956522	0.0119565217391304	0.0994565217391304
15	0.120108695652174	0.0695652173913043	0.0375	0.772826086956522
16	0.168478260869565	0.071195652173913	0.67445652173913	0.0858695652173913
17	0.183695652173913	0.0864130434782609	0.634782608695652	0.0951086956521739
18	0.247282608695652	0.103260869565217	0.546195652173913	0.103260869565217
19	0.127173913043478	0.157608695652174	0.134782608695652	0.580434782608696
