Pos	A	C	G	T
1	0.113742236024845	0.581133540372671	0.15527950310559	0.149844720496894
2	0.093944099378882	0.0415372670807453	0.0559006211180124	0.80861801242236
3	0.015916149068323	0.0135869565217391	0.961180124223603	0.00931677018633541
4	0.0333850931677019	0.826475155279503	0.00970496894409938	0.130434782608696
5	0.770962732919255	0.0493012422360248	0.0601708074534162	0.119565217391304
6	0.172748447204969	0.142080745341615	0.565217391304348	0.119953416149068
7	0.0613354037267081	0.107919254658385	0.0694875776397516	0.761257763975155
8	0.134316770186335	0.125776397515528	0.346273291925466	0.393633540372671
9	0.175854037267081	0.517468944099379	0.127329192546584	0.179347826086957
10	0.192934782608696	0.438276397515528	0.162655279503106	0.206133540372671
11	0.277173913043478	0.308229813664596	0.241847826086957	0.172748447204969
12	0.208074534161491	0.331909937888199	0.298913043478261	0.16110248447205
13	0.181288819875776	0.441770186335404	0.21777950310559	0.15916149068323
14	0.257763975155279	0.234472049689441	0.145962732919255	0.361801242236025
15	0.218555900621118	0.283385093167702	0.210015527950311	0.28804347826087
16	0.230201863354037	0.350155279503106	0.191770186335404	0.227872670807453
17	0.175465838509317	0.303183229813665	0.152562111801242	0.368788819875776
18	0.217391304347826	0.177795031055901	0.404114906832298	0.200698757763975
19	0.234472049689441	0.116459627329193	0.482142857142857	0.166925465838509
20	0.0690993788819876	0.805124223602484	0.0601708074534162	0.0656055900621118
21	0.0147515527950311	0.976319875776398	0.00349378881987578	0.00543478260869565
22	0.739906832298137	0.0376552795031056	0.106754658385093	0.115683229813665
23	0.0493012422360249	0.546972049689441	0.37305900621118	0.030667701863354
24	0.135093167701863	0.394409937888199	0.0679347826086956	0.402562111801242
25	0.845885093167702	0.0209627329192547	0.0822981366459627	0.0508540372670807
26	0.0124223602484472	0.00349378881987578	0.980978260869565	0.0031055900621118
27	0.442546583850932	0.00543478260869565	0.543090062111801	0.00892857142857143
28	0.0656055900621118	0.0275621118012422	0.468944099378882	0.437888198757764
29	0.0240683229813665	0.00543478260869565	0.959627329192547	0.0108695652173913
30	0.046195652173913	0.0535714285714286	0.821816770186335	0.078416149068323
31	0.130046583850932	0.711568322981366	0.0333850931677019	0.125
32	0.396350931677019	0.0636645962732919	0.450698757763975	0.0892857142857143
33	0.108307453416149	0.507375776397516	0.287267080745342	0.0970496894409938
