Pos	A	C	G	T
1	0.307776560788609	0.0536692223439211	0.491785323110624	0.146768893756846
2	0.0613362541073384	0.876232201533406	0.0230010952902519	0.0394304490690033
3	0.00876232201533406	0.989047097480832	0.0	0.00219058050383352
4	0.814895947426068	0.0142387732749179	0.0711938663745893	0.099671412924425
5	0.0438116100766703	0.578313253012048	0.365826944140197	0.0120481927710843
6	0.117324561403509	0.474780701754386	0.0526315789473684	0.355263157894737
7	0.933114035087719	0.0120614035087719	0.0350877192982456	0.0197368421052632
8	0.00548847420417124	0.0	0.991218441273326	0.00329308452250274
9	0.365532381997805	0.00329308452250274	0.621295279912184	0.00987925356750823
10	0.0592755214050494	0.013172338090011	0.553238199780461	0.374313940724479
11	0.0131868131868132	0.0	0.978021978021978	0.00879120879120879
12	0.0615384615384615	0.00879120879120879	0.851648351648352	0.078021978021978
13	0.114411441144114	0.806380638063806	0.0055005500550055	0.0737073707370737
14	0.409240924092409	0.0143014301430143	0.557755775577558	0.0187018701870187
15	0.0903083700440529	0.530837004405286	0.338105726872247	0.0407488986784141
