Pos	A	C	G	T
1	0.194304605905778	0.0516192050492148	0.047749643098655	0.706326545946352
2	0.802013674956796	0.0363475843414231	0.0429972199263656	0.118641520775415
3	0.962487790217146	0.00931700353144489	0.00954241490720565	0.0186527913442032
4	0.0327222180479375	0.0115523330077391	0.00877225937335637	0.946953189570967
5	0.0460402734991359	0.687861597415283	0.0351829588999925	0.230915170185589
6	0.80911413329326	0.0355962130888872	0.0110451574122774	0.144244496205575
7	0.911976857765422	0.0272935607483658	0.0266361109023969	0.0340934705838155
8	0.95189345555639	0.00847171087234203	0.0142948380794951	0.0253399954917725
9	0.0173003230896386	0.0061800285521076	0.00698775264858367	0.96953189570967
10	0.0770719062288677	0.0361221729656623	0.023142234578105	0.863663686227365
11	0.805263355624014	0.0363663686227365	0.0404801262303704	0.117890149522879
12	0.30220151776993	0.0922120369674656	0.104609662634308	0.500976782628297
