Pos	A	C	G	T
1	0.176470588235294	0.272058823529412	0.235294117647059	0.316176470588235
2	0.227941176470588	0.272058823529412	0.25	0.25
3	0.198529411764706	0.316176470588235	0.25	0.235294117647059
4	0.110294117647059	0.602941176470588	0.0735294117647059	0.213235294117647
5	0.367647058823529	0.213235294117647	0.0588235294117647	0.360294117647059
6	0.102941176470588	0.198529411764706	0.566176470588235	0.132352941176471
7	0.132352941176471	0.617647058823529	0.139705882352941	0.110294117647059
8	0.257352941176471	0.0147058823529412	0.0441176470588235	0.683823529411765
9	0.0	0.0294117647058824	0.970588235294118	0.0
10	0.0	0.933823529411765	0.0661764705882353	0.0
11	0.0	0.0	0.00735294117647059	0.992647058823529
12	0.0	0.0	1.0	0.0
13	0.0147058823529412	0.977941176470588	0.00735294117647059	0.0
14	0.0147058823529412	0.00735294117647059	0.0147058823529412	0.963235294117647
15	0.00735294117647059	0.0	0.889705882352941	0.102941176470588
16	0.794117647058823	0.0367647058823529	0.102941176470588	0.0661764705882353
17	0.779411764705882	0.0514705882352941	0.0661764705882353	0.102941176470588
18	0.727941176470588	0.0514705882352941	0.0294117647058824	0.191176470588235
19	0.169117647058824	0.352941176470588	0.294117647058824	0.183823529411765
20	0.205882352941176	0.272058823529412	0.301470588235294	0.220588235294118
21	0.272058823529412	0.154411764705882	0.323529411764706	0.25
