Pos	A	C	G	T
1	0.258064516129032	0.145161290322581	0.0645161290322581	0.532258064516129
2	0.193548387096774	0.17741935483871	0.532258064516129	0.0967741935483871
3	0.145161290322581	0.209677419354839	0.370967741935484	0.274193548387097
4	0.145161290322581	0.306451612903226	0.338709677419355	0.209677419354839
5	0.241935483870968	0.290322580645161	0.403225806451613	0.0645161290322581
6	0.306451612903226	0.354838709677419	0.0806451612903226	0.258064516129032
7	0.17741935483871	0.0161290322580645	0.290322580645161	0.516129032258065
8	0.0645161290322581	0.112903225806452	0.82258064516129	0.0
9	0.0483870967741935	0.903225806451613	0.0161290322580645	0.032258064516129
10	0.0645161290322581	0.032258064516129	0.0	0.903225806451613
11	0.0161290322580645	0.0967741935483871	0.870967741935484	0.0161290322580645
12	0.0161290322580645	0.887096774193548	0.0161290322580645	0.0806451612903226
13	0.0483870967741935	0.0483870967741935	0.032258064516129	0.870967741935484
14	0.0806451612903226	0.032258064516129	0.758064516129032	0.129032258064516
15	0.467741935483871	0.225806451612903	0.17741935483871	0.129032258064516
16	0.564516129032258	0.112903225806452	0.0645161290322581	0.258064516129032
