Pos	A	C	G	T
1	0.23	0.215	0.225	0.33
2	0.225	0.11	0.145	0.52
3	0.13	0.12	0.73	0.02
4	0.02	0.945	0.035	0.0
5	0.01	0.0	0.0	0.99
6	0.0	0.005	0.985	0.01
7	0.04	0.935	0.005	0.02
8	0.01	0.01	0.015	0.965
9	0.04	0.025	0.8	0.135
10	0.825	0.025	0.095	0.055
11	0.81	0.075	0.005	0.11
12	0.8	0.025	0.07	0.105
13	0.085	0.72	0.07	0.125
14	0.385	0.285	0.065	0.265
15	0.32	0.11	0.305	0.265
16	0.165	0.43	0.31	0.095
17	0.285	0.595	0.06	0.06
18	0.15	0.245	0.035	0.57
