Pos	A	C	G	T
1	0.158653846153846	0.0721153846153846	0.456730769230769	0.3125
2	0.0576923076923077	0.519230769230769	0.418269230769231	0.00480769230769231
3	0.0480769230769231	0.899038461538462	0.0	0.0528846153846154
4	0.00480769230769231	0.0192307692307692	0.0	0.975961538461538
5	0.0	0.0192307692307692	0.629807692307692	0.350961538461538
6	0.0	0.985576923076923	0.00480769230769231	0.00961538461538462
7	0.0336538461538462	0.1875	0.0192307692307692	0.759615384615385
8	0.139423076923077	0.125	0.552884615384615	0.182692307692308
9	0.394230769230769	0.519230769230769	0.0576923076923077	0.0288461538461538
10	0.947115384615385	0.0288461538461538	0.00480769230769231	0.0192307692307692
11	0.173076923076923	0.0384615384615385	0.692307692307692	0.0961538461538462
12	0.0576923076923077	0.884615384615385	0.00480769230769231	0.0528846153846154
13	0.807692307692308	0.0240384615384615	0.0336538461538462	0.134615384615385
14	0.0432692307692308	0.0336538461538462	0.865384615384615	0.0576923076923077
15	0.0528846153846154	0.692307692307692	0.134615384615385	0.120192307692308
16	0.360576923076923	0.177884615384615	0.144230769230769	0.317307692307692
17	0.115384615384615	0.25	0.461538461538462	0.173076923076923
18	0.173076923076923	0.408653846153846	0.225961538461538	0.192307692307692
