Pos	A	C	G	T
1	0.195945945945946	0.192567567567568	0.557432432432432	0.0540540540540541
2	0.0675675675675676	0.834459459459459	0.0101351351351351	0.0878378378378378
3	0.0371621621621622	0.0135135135135135	0.0101351351351351	0.939189189189189
4	0.00675675675675676	0.00675675675675676	0.966216216216216	0.0202702702702703
5	0.0202702702702703	0.929054054054054	0.0304054054054054	0.0202702702702703
6	0.0168918918918919	0.0168918918918919	0.00675675675675676	0.959459459459459
7	0.0641891891891892	0.0202702702702703	0.834459459459459	0.0810810810810811
8	0.560810810810811	0.162162162162162	0.148648648648649	0.128378378378378
9	0.746621621621622	0.0168918918918919	0.10472972972973	0.131756756756757
10	0.550675675675676	0.0405405405405405	0.27027027027027	0.138513513513514
11	0.0844594594594595	0.716216216216216	0.0675675675675676	0.131756756756757
12	0.459459459459459	0.125	0.0912162162162162	0.324324324324324
13	0.097972972972973	0.155405405405405	0.611486486486487	0.135135135135135
14	0.0912162162162162	0.662162162162162	0.168918918918919	0.0777027027027027
15	0.175675675675676	0.503378378378378	0.027027027027027	0.293918918918919
16	0.0777027027027027	0.0472972972972973	0.277027027027027	0.597972972972973
17	0.0945945945945946	0.172297297297297	0.557432432432432	0.175675675675676
18	0.155405405405405	0.557432432432432	0.0912162162162162	0.195945945945946
19	0.192567567567568	0.256756756756757	0.175675675675676	0.375
20	0.202702702702703	0.222972972972973	0.307432432432432	0.266891891891892
