Pos	A	C	G	T
1	0.290441176470588	0.253676470588235	0.191176470588235	0.264705882352941
2	0.216911764705882	0.128676470588235	0.180147058823529	0.474264705882353
3	0.121323529411765	0.202205882352941	0.647058823529412	0.0294117647058824
4	0.0183823529411765	0.926470588235294	0.0330882352941176	0.0220588235294118
5	0.0845588235294118	0.0367647058823529	0.00367647058823529	0.875
6	0.0	0.0882352941176471	0.871323529411765	0.0404411764705882
7	0.0735294117647059	0.878676470588235	0.0183823529411765	0.0294117647058824
8	0.0147058823529412	0.0808823529411765	0.0477941176470588	0.856617647058823
9	0.0661764705882353	0.154411764705882	0.672794117647059	0.106617647058824
10	0.731617647058823	0.132352941176471	0.0808823529411765	0.0551470588235294
11	0.676470588235294	0.161764705882353	0.0404411764705882	0.121323529411765
12	0.694852941176471	0.0183823529411765	0.150735294117647	0.136029411764706
13	0.0661764705882353	0.577205882352941	0.242647058823529	0.113970588235294
14	0.301470588235294	0.363970588235294	0.121323529411765	0.213235294117647
15	0.334558823529412	0.150735294117647	0.268382352941176	0.246323529411765
16	0.143382352941176	0.389705882352941	0.338235294117647	0.128676470588235
17	0.286764705882353	0.488970588235294	0.117647058823529	0.106617647058824
18	0.128676470588235	0.352941176470588	0.0735294117647059	0.444852941176471
19	0.202205882352941	0.301470588235294	0.216911764705882	0.279411764705882
20	0.220588235294118	0.301470588235294	0.209558823529412	0.268382352941176
21	0.191176470588235	0.246323529411765	0.279411764705882	0.283088235294118
22	0.231617647058824	0.275735294117647	0.25	0.242647058823529
23	0.294117647058824	0.209558823529412	0.268382352941176	0.227941176470588
24	0.253676470588235	0.216911764705882	0.220588235294118	0.308823529411765
