Pos	A	C	G	T
1	0.492	0.1005	0.2885	0.119
2	0.0485	0.8715	0.0275	0.0525
3	0.1715	0.0795	0.013	0.736
4	0.021	0.859	0.037	0.083
5	0.7605	0.1185	0.003	0.118
6	0.7475	0.0165	0.2295	0.0065
7	0.017	0.933	0.025	0.025
8	0.8915	0.033	0.025	0.0505
9	0.1105	0.174	0.2895	0.426
10	0.2205	0.0935	0.566	0.12
11	0.1325	0.023	0.052	0.7925
12	0.0275	0.055	0.027	0.8905
13	0.089	0.0965	0.1565	0.658
