Pos	A	C	G	T
1	0.420091324200913	0.161339421613394	0.114155251141553	0.30441400304414
2	0.327245053272451	0.0487062404870624	0.484018264840183	0.140030441400304
3	0.124809741248097	0.0289193302891933	0.621004566210046	0.225266362252664
4	0.528158295281583	0.0395738203957382	0.308980213089802	0.123287671232877
5	0.445966514459665	0.0167427701674277	0.496194824961948	0.0410958904109589
6	0.84779299847793	0.0289193302891933	0.0943683409436834	0.0289193302891933
7	0.0015220700152207	0.948249619482496	0.0060882800608828	0.0441400304414003
8	0.843226788432268	0.0197869101978691	0.0289193302891933	0.10806697108067
9	0.0182648401826484	0.0030441400304414	0.969558599695586	0.0091324200913242
10	0.0	0.0228310502283105	0.0197869101978691	0.95738203957382
11	0.21765601217656	0.450532724505327	0.0730593607305936	0.258751902587519
12	0.17351598173516	0.660578386605784	0.0487062404870624	0.117199391171994
13	0.0928462709284627	0.380517503805175	0.0350076103500761	0.491628614916286
