Pos	A	C	G	T
1	0.0823970037453183	0.827715355805243	0.0449438202247191	0.0449438202247191
2	0.704119850187266	0.0636704119850187	0.0636704119850187	0.168539325842697
3	0.209737827715356	0.258426966292135	0.273408239700375	0.258426966292135
4	0.340823970037453	0.288389513108614	0.127340823970037	0.243445692883895
5	0.0187265917602996	0.0224719101123595	0.838951310861423	0.119850187265918
6	0.0411985018726592	0.0337078651685393	0.168539325842697	0.756554307116105
7	0.258426966292135	0.0749063670411985	0.101123595505618	0.565543071161049
8	0.112359550561798	0.149812734082397	0.112359550561798	0.625468164794007
9	0.108614232209738	0.0786516853932584	0.0861423220973783	0.726591760299625
10	0.101123595505618	0.0411985018726592	0.0149812734082397	0.842696629213483
11	0.254681647940075	0.0149812734082397	0.378277153558052	0.352059925093633
12	0.0786516853932584	0.048689138576779	0.333333333333333	0.539325842696629
13	0.116104868913858	0.0262172284644195	0.0299625468164794	0.827715355805243
14	0.202247191011236	0.0299625468164794	0.573033707865168	0.194756554307116
15	0.104868913857678	0.149812734082397	0.50187265917603	0.243445692883895
16	0.47565543071161	0.101123595505618	0.262172284644195	0.161048689138577
17	0.0149812734082397	0.0262172284644195	0.438202247191011	0.52059925093633
18	0.0823970037453183	0.048689138576779	0.655430711610487	0.213483146067416
19	0.108614232209738	0.756554307116105	0.0561797752808989	0.0786516853932584
20	0.0786516853932584	0.0674157303370786	0.0561797752808989	0.797752808988764
21	0.0299625468164794	0.808988764044944	0.108614232209738	0.052434456928839
22	0.438202247191011	0.209737827715356	0.108614232209738	0.243445692883895
