Pos	A	C	G	T
1	0.23	0.18	0.19	0.4
2	0.142	0.074	0.632	0.152
3	0.128	0.316	0.462	0.094
4	0.29	0.474	0.166	0.07
5	0.578	0.082	0.19	0.15
6	0.076	0.062	0.724	0.138
7	0.148	0.444	0.286	0.122
8	0.43	0.306	0.102	0.162
9	0.69	0.07	0.192	0.048
10	0.622	0.042	0.276	0.06
11	0.06	0.024	0.888	0.028
12	0.052	0.046	0.872	0.03
13	0.7	0.144	0.09	0.066
14	0.186	0.062	0.172	0.58
15	0.13	0.058	0.778	0.034
16	0.06	0.056	0.822	0.062
17	0.0625	0.2365	0.1585	0.5425
18	0.0705	0.0605	0.2545	0.6145
19	0.0585	0.1925	0.2465	0.5025
20	0.2325	0.1425	0.6025	0.0225
21	0.7265	0.0405	0.1405	0.0925
22	0.0585	0.2345	0.3205	0.3865
23	0.3865	0.3785	0.1205	0.1145
