Pos	A	C	G	T
1	0.285140562248996	0.108433734939759	0.532128514056225	0.0742971887550201
2	0.259036144578313	0.122489959839357	0.445783132530121	0.172690763052209
3	0.220883534136546	0.0401606425702811	0.449799196787149	0.289156626506024
4	0.0220883534136546	0.0240963855421687	0.92570281124498	0.0281124497991968
5	0.106425702811245	0.598393574297189	0.242971887550201	0.0522088353413655
6	0.524096385542169	0.353413654618474	0.0502008032128514	0.072289156626506
7	0.0160642570281125	0.230923694779117	0.0602409638554217	0.692771084337349
8	0.0421686746987952	0.198795180722892	0.347389558232932	0.411646586345382
9	0.0783132530120482	0.688755020080321	0.154618473895582	0.0783132530120482
10	0.0321285140562249	0.20281124497992	0.00602409638554217	0.759036144578313
11	0.0200803212851406	0.0100401606425703	0.963855421686747	0.00602409638554217
12	0.00602409638554217	0.00803212851405623	0.963855421686747	0.0220883534136546
13	0.0220883534136546	0.00401606425702811	0.961847389558233	0.0120481927710843
14	0.875502008032129	0.0240963855421687	0.0522088353413655	0.0481927710843374
15	0.459839357429719	0.100401606425703	0.36144578313253	0.0783132530120482
16	0.321285140562249	0.116465863453815	0.154618473895582	0.407630522088353
17	0.0622489959839357	0.120481927710843	0.178714859437751	0.63855421686747
18	0.0642570281124498	0.100401606425703	0.793172690763052	0.0421686746987952
19	0.0783132530120482	0.114457831325301	0.172690763052209	0.634538152610442
20	0.70281124497992	0.0582329317269076	0.194779116465863	0.0441767068273092
21	0.104417670682731	0.070281124497992	0.791164658634538	0.034136546184739
22	0.0481927710843374	0.0923694779116466	0.164658634538153	0.694779116465864
