Pos	A	C	G	T
1	0.0837209302325582	0.0186046511627907	0.530232558139535	0.367441860465116
2	0.523255813953488	0.00697674418604651	0.423255813953488	0.0465116279069768
3	0.00232558139534884	0.0232558139534884	0.00232558139534884	0.972093023255814
4	0.579069767441861	0.295348837209302	0.0790697674418605	0.0465116279069768
5	0.0	0.0	0.0	1.0
6	0.0	0.00232558139534884	0.993023255813954	0.00465116279069768
7	0.0	0.783720930232558	0.0	0.216279069767442
8	0.0	0.00465116279069768	0.0	0.995348837209302
9	0.0	0.0	0.995348837209302	0.00465116279069768
10	0.00232558139534884	0.509302325581395	0.00232558139534884	0.486046511627907
11	0.0488372093023256	0.848837209302326	0.00930232558139535	0.0930232558139535
12	0.00930232558139535	0.0186046511627907	0.00465116279069768	0.967441860465116
13	0.467441860465116	0.0116279069767442	0.0255813953488372	0.495348837209302
14	0.00465116279069768	0.981395348837209	0.00465116279069768	0.00930232558139535
15	0.976744186046512	0.013953488372093	0.00697674418604651	0.00232558139534884
16	0.946511627906977	0.0	0.0511627906976744	0.00232558139534884
17	0.0	0.00465116279069768	0.988372093023256	0.00697674418604651
18	0.983720930232558	0.00465116279069768	0.00930232558139535	0.00232558139534884
19	0.341860465116279	0.00930232558139535	0.630232558139535	0.0186046511627907
20	0.948837209302326	0.0302325581395349	0.0162790697674419	0.00465116279069768
21	0.00930232558139535	0.937209302325582	0.0116279069767442	0.0418604651162791
22	0.244186046511628	0.404651162790698	0.0116279069767442	0.33953488372093
23	0.0558139534883721	0.774418604651163	0.0186046511627907	0.151162790697674
24	0.879069767441861	0.0302325581395349	0.0558139534883721	0.0348837209302326
