Pos	A	C	G	T
1	0.0786026200873363	0.0152838427947598	0.868995633187773	0.037117903930131
2	0.294759825327511	0.0524017467248908	0.61353711790393	0.0393013100436681
3	0.106986899563319	0.751091703056769	0.0152838427947598	0.126637554585153
4	0.312227074235808	0.00873362445414847	0.0414847161572052	0.637554585152839
5	0.0720524017467249	0.0109170305676856	0.888646288209607	0.0283842794759825
6	0.0502183406113537	0.00218340611353712	0.87117903930131	0.0764192139737991
7	0.0131004366812227	0.0	0.980349344978166	0.00655021834061136
8	0.0327510917030568	0.877729257641922	0.0	0.0895196506550218
9	0.00655021834061136	0.0152838427947598	0.0	0.978165938864629
10	0.0131004366812227	0.921397379912664	0.0109170305676856	0.054585152838428
11	0.838427947598253	0.0131004366812227	0.0240174672489083	0.124454148471616
12	0.00436681222707424	0.00436681222707424	0.982532751091703	0.00873362445414847
13	0.0152838427947598	0.908296943231441	0.00655021834061136	0.0698689956331878
14	0.218340611353712	0.0655021834061136	0.0305676855895197	0.685589519650655
15	0.146288209606987	0.00218340611353712	0.816593886462882	0.0349344978165939
16	0.0633187772925764	0.0152838427947598	0.877729257641922	0.0436681222707424
17	0.133187772925764	0.0524017467248908	0.737991266375546	0.0764192139737991
18	0.155021834061135	0.25764192139738	0.0567685589519651	0.53056768558952
19	0.12882096069869	0.0458515283842795	0.722707423580786	0.102620087336245
20	0.117903930131004	0.037117903930131	0.814410480349345	0.0305676855895197
