Pos	A	C	G	T
1	0.238	0.164	0.47	0.128
2	0.18	0.238	0.376	0.206
3	0.532	0.286	0.102	0.08
4	0.604	0.012	0.228	0.156
5	0.056	0.118	0.646	0.18
6	0.52	0.14	0.12	0.22
7	0.432	0.002	0.556	0.01
8	0.296	0.024	0.67	0.01
9	0.314	0.634	0.034	0.018
10	0.044	0.356	0.018	0.582
11	0.634	0.022	0.286	0.058
12	0.468	0.058	0.442	0.032
13	0.926	0.022	0.05	0.002
14	0.91	0.008	0.056	0.026
15	0.222	0.018	0.544	0.216
16	0.032	0.914	0.016	0.038
17	0.894	0.042	0.012	0.052
