Pos	A	C	G	T
1	0.297520661157025	0.253443526170799	0.283746556473829	0.165289256198347
2	0.37465564738292	0.146005509641873	0.454545454545455	0.0247933884297521
3	0.84297520661157	0.0110192837465565	0.0247933884297521	0.121212121212121
4	0.567493112947658	0.0358126721763085	0.31404958677686	0.0826446280991736
5	0.292011019283747	0.0633608815426997	0.15702479338843	0.487603305785124
6	0.316804407713499	0.0	0.537190082644628	0.146005509641873
7	0.154269972451791	0.201101928374656	0.600550964187328	0.0440771349862259
8	0.694214876033058	0.209366391184573	0.0192837465564738	0.0771349862258953
9	0.630853994490358	0.168044077134986	0.0798898071625345	0.121212121212121
10	0.292011019283747	0.046831955922865	0.212121212121212	0.449035812672176
11	0.31404958677686	0.231404958677686	0.278236914600551	0.176308539944904
12	0.170798898071625	0.192837465564738	0.493112947658402	0.143250688705234
13	0.630853994490358	0.110192837465565	0.0440771349862259	0.214876033057851
14	0.504132231404959	0.275482093663912	0.0606060606060606	0.159779614325069
15	0.399449035812672	0.0137741046831956	0.0743801652892562	0.512396694214876
16	0.181818181818182	0.0275482093663912	0.641873278236915	0.148760330578512
17	0.256198347107438	0.068870523415978	0.490358126721763	0.184573002754821
18	0.771349862258953	0.0606060606060606	0.126721763085399	0.0413223140495868
19	0.757575757575758	0.0247933884297521	0.140495867768595	0.0771349862258953
20	0.126721763085399	0.104683195592287	0.330578512396694	0.43801652892562
