Pos	A	C	G	T
1	0.126	0.026	0.072	0.776
2	0.096	0.136	0.096	0.672
3	0.068	0.838	0.066	0.028
4	0.054	0.812	0.004	0.13
5	0.008	0.016	0.02	0.956
6	0.392	0.046	0.524	0.038
7	0.112	0.008	0.876	0.004
8	0.904	0.012	0.044	0.04
9	0.568	0.068	0.316	0.048
10	0.676	0.054	0.126	0.144
11	0.106	0.086	0.626	0.182
12	0.208	0.44	0.144	0.208
13	0.426	0.178	0.216	0.18
