Pos	A	C	G	T
1	0.052	0.074	0.054	0.82
2	0.036	0.084	0.044	0.836
3	0.064	0.84	0.07	0.026
4	0.054	0.772	0.002	0.172
5	0.0	0.016	0.014	0.97
6	0.448	0.094	0.434	0.024
7	0.144	0.02	0.83	0.006
8	0.916	0.026	0.042	0.016
9	0.66	0.112	0.19	0.038
10	0.666	0.016	0.224	0.094
11	0.08	0.138	0.638	0.144
12	0.288	0.414	0.126	0.172
13	0.394	0.19	0.256	0.16
