Pos	A	C	G	T
1	0.198	0.242	0.132	0.428
2	0.372	0.11	0.196	0.322
3	0.234	0.056	0.67	0.04
4	0.164	0.106	0.682	0.048
5	0.254	0.086	0.182	0.478
6	0.258	0.434	0.064	0.244
7	0.656	0.076	0.036	0.232
8	0.172	0.118	0.19	0.52
9	0.776	0.062	0.112	0.05
10	0.948	0.018	0.028	0.006
11	0.964	0.016	0.018	0.002
12	0.766	0.018	0.14	0.076
13	0.364	0.054	0.534	0.048
14	0.304	0.056	0.574	0.066
15	0.4	0.158	0.356	0.086
16	0.216	0.566	0.156	0.062
17	0.226	0.23	0.044	0.5
18	0.118	0.192	0.48	0.21
