Pos	A	C	G	T
1	0.1	0.266	0.552	0.082
2	0.162	0.218	0.548	0.072
3	0.178	0.316	0.456	0.05
4	0.178	0.146	0.586	0.09
5	0.084	0.152	0.674	0.09
6	0.3	0.22	0.158	0.322
7	0.044	0.03	0.902	0.024
8	0.078	0.052	0.818	0.052
9	0.162	0.028	0.776	0.034
10	0.084	0.014	0.884	0.018
11	0.014	0.004	0.98	0.002
12	0.636	0.292	0.012	0.06
13	0.122	0.006	0.844	0.028
14	0.04	0.016	0.932	0.012
15	0.14	0.004	0.822	0.034
16	0.078	0.044	0.87	0.008
17	0.358	0.442	0.128	0.072
18	0.234	0.144	0.532	0.09
19	0.132	0.21	0.582	0.076
