Pos	A	C	G	T
1	0.154	0.194	0.174	0.478
2	0.262	0.034	0.238	0.466
3	0.046	0.026	0.916	0.012
4	0.314	0.4	0.026	0.26
5	0.346	0.112	0.042	0.5
6	0.958	0.008	0.004	0.03
7	0.002	0.968	0.02	0.01
8	0.654	0.016	0.006	0.324
9	0.0	0.0	0.238	0.762
10	0.114	0.002	0.006	0.878
11	0.016	0.01	0.934	0.04
12	0.018	0.01	0.014	0.958
13	0.464	0.074	0.102	0.36
14	0.23	0.046	0.336	0.388
15	0.028	0.864	0.046	0.062
16	0.374	0.272	0.042	0.312
17	0.446	0.118	0.232	0.204
