Pos	A	C	G	T
1	0.22	0.076	0.284	0.42
2	0.13	0.794	0.068	0.008
3	0.294	0.206	0.086	0.414
4	0.006	0.984	0.0	0.01
5	0.82	0.068	0.02	0.092
6	0.05	0.078	0.868	0.004
7	0.012	0.908	0.016	0.064
8	0.788	0.002	0.164	0.046
9	0.022	0.002	0.92	0.056
10	0.006	0.002	0.988	0.004
11	0.274	0.066	0.386	0.274
12	0.368	0.054	0.482	0.096
13	0.118	0.122	0.602	0.158
14	0.04	0.596	0.144	0.22
15	0.3	0.382	0.126	0.192
