Pos	A	C	G	T
1	0.238	0.376	0.306	0.08
2	0.39	0.452	0.11	0.048
3	0.202	0.07	0.238	0.49
4	0.0	0.0	0.998	0.002
5	0.004	0.0	0.988	0.008
6	0.752	0.014	0.062	0.172
7	0.018	0.072	0.89	0.02
8	0.496	0.21	0.214	0.08
9	0.266	0.106	0.324	0.304
10	0.126	0.624	0.146	0.104
11	0.44	0.34	0.172	0.048
12	0.374	0.026	0.414	0.186
13	0.006	0.006	0.984	0.004
14	0.014	0.054	0.766	0.166
15	0.312	0.202	0.068	0.418
