Pos	A	C	G	T
1	0.58	0.122	0.138	0.16
2	0.066	0.068	0.036	0.83
3	0.066	0.254	0.06	0.62
4	0.16	0.03	0.02	0.79
5	0.132	0.094	0.76	0.014
6	0.058	0.922	0.008	0.012
7	0.968	0.016	0.002	0.014
8	0.064	0.032	0.02	0.884
9	0.474	0.1	0.25	0.176
10	0.552	0.032	0.036	0.38
11	0.066	0.516	0.314	0.104
12	0.878	0.028	0.022	0.072
13	0.892	0.024	0.064	0.02
14	0.526	0.04	0.044	0.39
15	0.316	0.08	0.53	0.074
16	0.234	0.194	0.52	0.052
