Pos	A	C	G	T
1	0.104	0.13	0.064	0.702
2	0.13	0.016	0.836	0.018
3	0.334	0.128	0.496	0.042
4	0.594	0.382	0.008	0.016
5	0.018	0.968	0.006	0.008
6	0.01	0.068	0.0	0.922
7	0.002	0.144	0.008	0.846
8	0.012	0.016	0.022	0.95
9	0.056	0.01	0.926	0.008
10	0.264	0.278	0.308	0.15
11	0.422	0.326	0.07	0.182
12	0.062	0.848	0.018	0.072
13	0.114	0.398	0.032	0.456
14	0.11	0.354	0.254	0.282
