Pos	A	C	G	T
1	0.22	0.082	0.51	0.188
2	0.37	0.042	0.5	0.088
3	0.014	0.94	0.012	0.034
4	0.684	0.11	0.096	0.11
5	0.312	0.026	0.16	0.502
6	0.012	0.024	0.954	0.01
7	0.092	0.314	0.038	0.556
8	0.116	0.514	0.086	0.284
9	0.16	0.01	0.212	0.618
10	0.054	0.084	0.74	0.122
11	0.204	0.074	0.586	0.136
12	0.438	0.014	0.48	0.068
13	0.006	0.976	0.01	0.008
14	0.598	0.078	0.012	0.312
15	0.174	0.068	0.148	0.61
16	0.052	0.04	0.874	0.034
17	0.154	0.38	0.076	0.39
18	0.186	0.4	0.092	0.322
19	0.164	0.32	0.16	0.356
