Pos	A	C	G	T
1	0.04	0.06	0.678	0.222
2	0.086	0.218	0.032	0.664
3	0.026	0.702	0.026	0.246
4	0.574	0.23	0.072	0.124
5	0.026	0.666	0.034	0.274
6	0.136	0.032	0.818	0.014
7	0.008	0.712	0.276	0.004
8	0.196	0.228	0.052	0.524
9	0.018	0.366	0.036	0.58
10	0.038	0.31	0.48	0.172
11	0.306	0.132	0.538	0.024
12	0.088	0.536	0.212	0.164
13	0.04	0.128	0.08	0.752
14	0.134	0.028	0.76	0.078
15	0.282	0.486	0.228	0.004
16	0.148	0.35	0.202	0.3
17	0.022	0.586	0.046	0.346
18	0.272	0.308	0.108	0.312
19	0.072	0.402	0.242	0.284
