Pos	A	C	G	T
1	0.162	0.494	0.272	0.072
2	0.588	0.004	0.056	0.352
3	0.042	0.014	0.912	0.032
4	0.094	0.332	0.566	0.008
5	0.394	0.022	0.118	0.466
6	0.084	0.008	0.87	0.038
7	0.37	0.106	0.312	0.212
8	0.082	0.554	0.294	0.07
9	0.766	0.014	0.004	0.216
10	0.18	0.06	0.696	0.064
11	0.45	0.168	0.272	0.11
12	0.158	0.314	0.364	0.164
