Pos	A	C	G	T
1	0.19	0.222	0.175	0.412
2	0.039	0.053	0.041	0.867
3	0.028	0.136	0.048	0.788
4	0.035	0.867	0.033	0.065
5	0.029	0.842	0.013	0.116
6	0.343	0.025	0.009	0.623
7	0.315	0.012	0.648	0.025
8	0.072	0.023	0.888	0.017
9	0.884	0.031	0.058	0.027
10	0.709	0.052	0.207	0.032
11	0.585	0.061	0.234	0.12
12	0.228	0.164	0.39	0.218
13	0.213	0.348	0.218	0.221
14	0.304	0.219	0.206	0.271
15	0.292	0.206	0.277	0.225
