Pos	A	C	G	T
1	0.045	0.107	0.61	0.238
2	0.092	0.281	0.144	0.483
3	0.001	0.857	0.02	0.122
4	0.662	0.199	0.026	0.113
5	0.083	0.314	0.109	0.494
6	0.108	0.019	0.872	0.001
7	0.001	0.676	0.322	0.001
8	0.291	0.343	0.054	0.313
9	0.049	0.027	0.001	0.923
10	0.001	0.24	0.758	0.001
11	0.415	0.171	0.412	0.001
12	0.082	0.704	0.177	0.037
13	0.054	0.001	0.001	0.944
14	0.003	0.001	0.929	0.067
15	0.275	0.436	0.288	0.001
