Pos	A	C	G	T
1	0.239	0.17	0.364	0.227
2	0.017	0.038	0.7	0.244
3	0.067	0.188	0.081	0.664
4	0.003	0.827	0.011	0.159
5	0.834	0.114	0.022	0.03
6	0.048	0.466	0.033	0.453
7	0.101	0.015	0.883	0.001
8	0.001	0.727	0.271	0.002
9	0.264	0.194	0.033	0.509
10	0.013	0.264	0.012	0.71
11	0.024	0.262	0.598	0.116
12	0.302	0.127	0.569	0.002
13	0.104	0.605	0.202	0.089
14	0.046	0.073	0.025	0.856
15	0.073	0.001	0.89	0.037
16	0.302	0.462	0.234	0.002
