Pos	A	C	G	T
1	0.467	0.001	0.427	0.104
2	0.054	0.001	0.923	0.022
3	0.39	0.201	0.276	0.133
4	0.89	0.026	0.039	0.045
5	0.001	0.988	0.01	0.001
6	0.832	0.001	0.043	0.124
7	0.096	0.291	0.414	0.199
8	0.262	0.233	0.243	0.262
9	0.203	0.409	0.292	0.096
10	0.123	0.046	0.001	0.83
11	0.001	0.011	0.987	0.001
12	0.047	0.042	0.018	0.892
13	0.127	0.268	0.198	0.407
14	0.011	0.944	0.001	0.044
15	0.102	0.411	0.001	0.485
16	0.144	0.261	0.24	0.356
