Pos	A	C	G	T
1	0.205128205128205	0.230769230769231	0.256410256410256	0.307692307692308
2	0.179487179487179	0.230769230769231	0.282051282051282	0.307692307692308
3	0.205128205128205	0.153846153846154	0.461538461538462	0.179487179487179
4	0.0769230769230769	0.179487179487179	0.128205128205128	0.615384615384615
5	0.0512820512820513	0.102564102564103	0.743589743589744	0.102564102564103
6	0.0512820512820513	0.923076923076923	0.0	0.0256410256410256
7	0.205128205128205	0.179487179487179	0.0256410256410256	0.58974358974359
8	0.0769230769230769	0.179487179487179	0.538461538461538	0.205128205128205
9	0.58974358974359	0.153846153846154	0.128205128205128	0.128205128205128
10	0.128205128205128	0.0	0.871794871794872	0.0
11	0.0	0.0512820512820513	0.0	0.948717948717949
12	0.0769230769230769	0.846153846153846	0.0512820512820513	0.0256410256410256
13	0.897435897435897	0.0	0.0512820512820513	0.0512820512820513
14	0.0256410256410256	0.0	0.743589743589744	0.230769230769231
15	0.0256410256410256	0.923076923076923	0.0	0.0512820512820513
16	0.692307692307692	0.0256410256410256	0.153846153846154	0.128205128205128
17	0.179487179487179	0.153846153846154	0.179487179487179	0.487179487179487
18	0.307692307692308	0.205128205128205	0.179487179487179	0.307692307692308
19	0.282051282051282	0.205128205128205	0.0769230769230769	0.435897435897436
