Pos	A	C	G	T
1	0.346153846153846	0.159340659340659	0.472527472527473	0.021978021978022
2	0.818681318681319	0.00549450549450549	0.164835164835165	0.010989010989011
3	0.0164835164835165	0.0	0.972527472527473	0.010989010989011
4	0.0274725274725275	0.0164835164835165	0.901098901098901	0.0549450549450549
5	0.0274725274725275	0.148351648351648	0.0494505494505494	0.774725274725275
6	0.0164835164835165	0.824175824175824	0.0494505494505494	0.10989010989011
7	0.956043956043956	0.0164835164835165	0.0274725274725275	0.0
8	0.164835164835165	0.423076923076923	0.104395604395604	0.307692307692308
9	0.368131868131868	0.236263736263736	0.263736263736264	0.131868131868132
10	0.0274725274725275	0.0879120879120879	0.0164835164835165	0.868131868131868
11	0.115384615384615	0.0989010989010989	0.758241758241758	0.0274725274725275
12	0.89010989010989	0.0	0.10989010989011	0.0
13	0.010989010989011	0.0	0.983516483516484	0.00549450549450549
14	0.0	0.010989010989011	0.967032967032967	0.021978021978022
15	0.60989010989011	0.104395604395604	0.0274725274725275	0.258241758241758
16	0.0274725274725275	0.879120879120879	0.0494505494505494	0.043956043956044
17	0.906593406593407	0.0	0.0824175824175824	0.010989010989011
18	0.0879120879120879	0.598901098901099	0.181318681318681	0.131868131868132
