Pos	A	C	G	T
1	0.211711711711712	0.135135135135135	0.0900900900900901	0.563063063063063
2	0.13215859030837	0.0572687224669604	0.753303964757709	0.0572687224669604
3	0.1440329218107	0.0823045267489712	0.0699588477366255	0.703703703703704
4	0.054726368159204	0.0398009950248756	0.054726368159204	0.850746268656716
5	0.0380434782608696	0.0108695652173913	0.0217391304347826	0.929347826086956
6	0.748538011695906	0.0	0.251461988304094	0.0
7	0.0110497237569061	0.0386740331491713	0.00552486187845304	0.94475138121547
8	0.0376344086021505	0.0	0.0430107526881721	0.919354838709677
9	0.00947867298578199	0.00473933649289099	0.175355450236967	0.81042654028436
10	0.441860465116279	0.020671834625323	0.281653746770026	0.255813953488372
11	0.0505050505050505	0.580808080808081	0.0858585858585859	0.282828282828283
12	0.309160305343511	0.17175572519084	0.17175572519084	0.347328244274809
13	0.104265402843602	0.246445497630332	0.0805687203791469	0.56872037914692
14	0.412621359223301	0.0631067961165049	0.106796116504854	0.41747572815534
