Pos	A	C	G	T
1	0.80848995463383	0.00469863901490603	0.131885936487362	0.0549254698639015
2	0.00012122681537156	0.999030185477027	0.00012122681537156	0.000727360892229361
3	0.99390243902439	0.000203252032520325	0.00345528455284553	0.0024390243902439
4	0.367738374499793	0.000827928798123361	0.166275700289775	0.465157996412309
5	0.0025538124771981	0.0	0.990149580445093	0.00729660707770887
6	0.0355411954765751	0.155997576736672	0.00787560581583199	0.800585621970921
7	0.102694909615171	0.583231673505601	0.206942442053898	0.10713097482533
8	0.237110521168087	0.345955009082018	0.120441525778958	0.296492943970938
9	0.384422481191916	0.0778875940404189	0.345773712937011	0.191916211830653
10	0.271014900196795	0.0588979477087433	0.307703120607253	0.362384031487208
11	0.258550316678396	0.126389866291344	0.332301196340605	0.282758620689655
12	0.390309747087241	0.0137823245240125	0.52358624609264	0.0723216822961068
13	0.694742348940623	0.00261574679571018	0.232409102798849	0.0702328014648182
14	0.000874890638670166	0.989001374828146	0.000874890638670166	0.00924884389451319
15	0.982291290205999	0.00216841344416335	0.00379472352728587	0.0117455728225515
16	0.355860313869645	0.00113106178424996	0.134313586879683	0.508695037466422
17	0.0031114568285365	0.0207800866762974	0.97521946882987	0.000888987665296144
18	0.0424980272799008	0.076541539848946	0.0101454176530267	0.870815015218126
