Pos	A	C	G	T
1	0.155526992287918	0.395886889460154	0.0713367609254499	0.377249357326478
2	0.158404558404558	0.0307692307692308	0.798290598290598	0.0125356125356125
3	0.01354096140826	0.010832769126608	0.023696682464455	0.951929587000677
4	0.0315964523281596	0.958425720620843	0.00776053215077605	0.00221729490022173
5	0.977885652642934	0.00431499460625674	0.0140237324703344	0.00377562028047465
6	0.00863213811420983	0.112881806108898	0.00531208499335989	0.873173970783533
7	0.0217260108630054	0.325286662643331	0.47917923958962	0.173808086904043
8	0.121495327102804	0.561993769470405	0.180685358255452	0.13582554517134
9	0.181274900398406	0.195883134130146	0.148074369189907	0.474767596281541
10	0.0424242424242424	0.552727272727273	0.101212121212121	0.303636363636364
11	0.126060606060606	0.00545454545454545	0.866060606060606	0.00242424242424242
12	0.0112443778110945	0.00824587706146927	0.00899550224887556	0.971514242878561
13	0.0142326732673267	0.969678217821782	0.0111386138613861	0.00495049504950495
14	0.985727878211227	0.00428163653663178	0.00570884871550904	0.00428163653663178
15	0.0021551724137931	0.151580459770115	0.0186781609195402	0.827586206896552
16	0.0243433696348495	0.311979500320307	0.533632286995516	0.130044843049327
