Pos	A	C	G	T
1	0.309906452386663	0.224514272007676	0.26217318301751	0.203406092588151
2	0.149386373254338	0.45196783749471	0.0941599661447313	0.304485823106221
3	0.920188848920863	0.00517086330935252	0.0676708633093525	0.00696942446043165
4	0.565196316044595	0.0210050088867345	0.395055744062046	0.0187429310066247
5	0.00292924740874268	0.0651194231635872	0.0187021180712032	0.913249211356467
6	0.016548463356974	0.000236406619385343	0.981087470449173	0.00212765957446809
7	0.00427046263345196	0.00640569395017794	0.988612099644128	0.000711743772241993
8	0.00754716981132075	0.0179800221975583	0.0816870144284129	0.892785793562708
9	0.0117848725091065	0.110777801585601	0.0162845511034926	0.8611527748018
10	0.926490669094219	0.00455166135639508	0.042558033682294	0.0263996358670915
11	0.00208623087621697	0.00463606861381548	0.948771441817339	0.0445062586926286
12	0.0939558310732274	0.731886865555986	0.0712901975978303	0.102867105772956
13	0.037293434569004	0.0227780259044216	0.915364001786512	0.0245645377400625
14	0.095695870657636	0.556915009831768	0.0284028839851431	0.318986235525453
15	0.270263788968825	0.256834532374101	0.158752997601918	0.314148681055156
