Pos	A	C	G	T
1	0.519480519480519	0.0449134199134199	0.247294372294372	0.188311688311688
2	0.16125	0.14125	0.53875	0.15875
3	0.00440251572327044	0.0163522012578616	0.954088050314465	0.0251572327044025
4	0.0114285714285714	0.0019047619047619	0.960634920634921	0.026031746031746
5	0.032043530834341	0.0223700120918984	0.0362756952841596	0.909310761789601
6	0.837248322147651	0.0100671140939597	0.0771812080536913	0.075503355704698
7	0.0849673202614379	0.039760348583878	0.799019607843137	0.0762527233115468
8	0.0588235294117647	0.189839572192513	0.433689839572193	0.317647058823529
9	0.216305062458909	0.206443129520053	0.280736357659435	0.296515450361604
10	0.246052631578947	0.147368421052632	0.423684210526316	0.182894736842105
11	0.249835634451019	0.105193951347798	0.35568704799474	0.289283366206443
12	0.519165727170237	0.044532130777903	0.292559188275085	0.143742953776776
13	0.174966945791097	0.130453944468929	0.543851917144116	0.150727192595857
14	0.0192427063935444	0.0167597765363128	0.941651148355059	0.0223463687150838
15	0.0150470219435737	0.00752351097178683	0.956112852664577	0.0213166144200627
16	0.0324129651860744	0.0120048019207683	0.0504201680672269	0.90516206482593
17	0.833147321428571	0.0106026785714286	0.0814732142857143	0.0747767857142857
18	0.106151333696244	0.0435492651061513	0.78987479586282	0.060424605334785
19	0.0696954052658751	0.20702116675271	0.490965410428498	0.232318017552917
