Pos	A	C	G	T
1	0.378698224852071	0.100591715976331	0.171597633136095	0.349112426035503
2	0.0462724935732648	0.0822622107969152	0.87146529562982	0.0
3	0.00228310502283105	0.773972602739726	0.0525114155251142	0.171232876712329
4	0.732181425485961	0.0280777537796976	0.131749460043197	0.107991360691145
5	0.0056980056980057	0.0	0.0284900284900285	0.965811965811966
6	0.183431952662722	0.627218934911243	0.0828402366863905	0.106508875739645
7	0.269230769230769	0.127218934911243	0.520710059171598	0.0828402366863905
8	0.162721893491124	0.215976331360947	0.183431952662722	0.437869822485207
9	0.286135693215339	0.165191740412979	0.230088495575221	0.31858407079646
10	0.470414201183432	0.165680473372781	0.248520710059172	0.115384615384615
11	0.103550295857988	0.517751479289941	0.0976331360946746	0.281065088757396
12	0.0501474926253687	0.056047197640118	0.64306784660767	0.250737463126844
13	0.873711340206186	0.0	0.0	0.126288659793814
14	0.0375275938189845	0.176600441501104	0.0375275938189845	0.748344370860927
15	0.137404580152672	0.0	0.862595419847328	0.0
16	0.0611246943765281	0.828850855745721	0.0831295843520782	0.0268948655256724
17	0.339233038348083	0.179941002949853	0.176991150442478	0.303834808259587
