Pos	A	C	G	T
1	0.0855184743742551	0.149582836710369	0.0637663885578069	0.701132300357569
2	0.0404961692812842	0.0766143743159431	0.858445822692448	0.0244436337103247
3	0.684807916181607	0.00669383003492433	0.069848661233993	0.238649592549476
4	0.0408317580340265	0.889603024574669	0.0351606805293006	0.0344045368620038
5	0.834693153600568	0.0113515431003902	0.135863781482795	0.0180915218162469
6	0.0667233319167021	0.275818104547386	0.399065023374416	0.258393540161496
7	0.275085034013605	0.401360544217687	0.270833333333333	0.0527210884353742
8	0.00950292397660819	0.12719298245614	0.00328947368421053	0.860014619883041
9	0.0431654676258993	0.013189448441247	0.940447641886491	0.00319744204636291
10	0.219569015725102	0.0681421083284799	0.0270821199767036	0.685206755969715
11	0.0147280966767372	0.888595166163142	0.0430513595166163	0.0536253776435045
12	0.731654228855721	0.0438432835820896	0.144278606965174	0.0802238805970149
