Pos	A	C	G	T
1	0.186826347305389	0.299640718562874	0.172455089820359	0.341077844311377
2	0.133657351154313	0.361916333969797	0.362784238847422	0.141642076028467
3	0.00389694739121022	0.00303095908205239	0.903875297683481	0.0891967958432561
4	0.119232339730502	0.0224581461821151	0.00592078399346672	0.852388730093916
5	0.0163607342378292	0.833000798084597	0.000798084596967279	0.149840383080607
6	0.599195075757576	0.000946969696969697	0.389441287878788	0.0104166666666667
7	0.00392805457928468	0.863138308869134	0.00124043828819516	0.131693198263386
8	0.0162276575729069	0.00141110065851364	0.981890874882408	0.000470366886171214
9	0.00159829515183804	0.741431362102646	0.256615166045107	0.000355176700408453
10	0.421633085896076	0.0907741251325557	0.0237539766702015	0.463838812301166
11	0.00909442724458204	0.180921052631579	0.00212848297213622	0.807856037151703
12	0.00332541567695962	0.364133016627078	0.627553444180523	0.00498812351543943
13	0.786400452062535	0.00150687511772462	0.210585797702015	0.00150687511772462
14	0.209341317365269	0.305389221556886	0.275928143712575	0.209341317365269
15	0.0161139654367118	0.540168145726296	0.00887435777673984	0.434843531060252
16	0.180346600647496	0.00457055798895448	0.795086650161874	0.0199961912016759
17	0.435209580838323	0.343233532934132	0.21748502994012	0.00407185628742515
18	0.327264015333014	0.206516530905606	0.155007187350264	0.311212266411116
19	0.015352887259395	0.596012832263978	0.0279560036663611	0.360678276810266
20	0.333173652694611	0.199520958083832	0.243832335329341	0.223473053892216
