Pos	A	C	G	T
1	0.33940708604483	0.03470715835141	0.0147505422993492	0.611135213304411
2	0.0496018796501762	0.881738676413001	0.0118783448635948	0.056781099073228
3	0.781842636180229	0.0934767989240081	0.0224613315400134	0.10221923335575
4	0.00269694819020582	0.0168914123491838	0.952448545067424	0.0279630943931867
5	0.000591278640059128	0.998078344419808	0.000591278640059128	0.00073909830007391
6	0.000567617425854974	0.0403008372357031	0.956293458209167	0.00283808712927487
7	0.0117869615832363	0.673748544819558	0.0681024447031432	0.246362048894063
8	0.00014760147601476	0.997785977859779	0.000738007380073801	0.00132841328413284
9	0.00869180907483795	0.557896287566294	0.00220978196817914	0.431202121390689
10	0.000141663125088539	0.957501062473438	0.039665675024791	0.00269159937668225
11	0.000443458980044346	0.0	0.999260901699926	0.000295639320029564
12	0.916536992502476	0.000141462724572075	0.000141462724572075	0.0831800820483802
13	0.0146515130768177	0.0228673148021361	0.0372449678214432	0.925236204299603
14	0.0632236243007675	0.011317809288409	0.87797580330428	0.0474827631065435
15	0.167433170451279	0.0822075308996838	0.0100603621730382	0.740298936475999
