Pos	A	C	G	T
1	0.2759684120069688	0.1993347136744723	0.3208028343398266	0.2038940399787319
2	0.2468062352277161	0.2448860611774553	0.2365571645487487	0.2717505390460799
3	0.2431021647326969	0.3301358404596873	0.1850908695754351	0.2416711252321807
4	0.2521475477052906	0.1416230212061982	0.4427190062445195	0.1635104248439918
5	0.3614224223954872	0.2005227588932092	0.1417470702649361	0.2963077484463675
6	0.3063436500346862	0.1815581073891458	0.3789227015754201	0.1331755410007478
7	0.1432388745145608	0.1899140929912342	0.5029263707502455	0.1639206617439595
8	0.617156420540287	0.1334804549130641	0.1054938446356424	0.1438692799110067
9	0.3914837582081978	0.1202485916646516	0.2889302788597746	0.1993373712673761
10	0.6805957861167119	0.1084530448089452	0.0951033653507	0.115847803723643
11	0.1181021085181775	0.6237588960661505	0.1166106546929356	0.1415283407227364
12	0.0807833943723041	0.6981914631397195	0.1189567698258544	0.102068372662122
13	0.1155739334174383	0.0755836762199937	0.6112427969571774	0.1975995934053911
14	0.2850999736053972	0.3316216157666751	0.0942303797968452	0.2890480308310825
15	0.2613412420445369	0.1263149928329582	0.3399426761497619	0.2724010889727433
16	0.2151781948283804	0.2515081061280826	0.2926739763952655	0.2406397226482715
17	0.2807977398366258	0.2946897768298831	0.2144259758211845	0.2100865075123066
18	0.2470229232521264	0.2116599363603829	0.3343467947020735	0.2069703456854174
19	0.2323837547480997	0.2390452710254386	0.2676529744790668	0.260917999747395
20	0.2649154991856843	0.2535122257023361	0.2237735397783004	0.2577987353336793
