Pos	A	C	G	T
1	0.2373080053456232	0.2144542968002258	0.2473171619543396	0.3009205358998114
2	0.2155618216506718	0.2701717929196067	0.2270059890310388	0.2872603963986827
3	0.3083795457289295	0.253631341381594	0.2541719972841698	0.1838171156053066
4	0.2724458220121616	0.2576068896790613	0.2766451409856858	0.1933021473230912
5	0.2365086369438654	0.2552783376597531	0.28827462514925	0.2199384002471314
6	0.2802904380950792	0.2645251060848137	0.280021464083073	0.1751629917370341
7	0.1984313070190031	0.0764514558551222	0.3104446913472922	0.4146725457785824
8	0.0272074359643518	0.0275083633464895	0.0307774713934636	0.914506729295695
9	0.0262669555321699	0.0252019946701835	0.0229304052247688	0.9256006445728778
10	0.93580748941133	0.0159604319588198	0.0204103986234738	0.0278216800063764
11	0.9219667461759448	0.017938428567645	0.031878201164437	0.0282166240919733
12	0.866887456885972	0.0786241002498732	0.0306631311030484	0.0238253117611064
13	0.1068088788895735	0.1128289194667181	0.4663392596676049	0.3140229419761037
14	0.1405309337922956	0.2737256842709795	0.5283267820599199	0.0574165998768051
15	0.1111341777833176	0.2930026985571916	0.4022294729127769	0.1936336507467138
16	0.2446126953179547	0.4836058765016928	0.1428485221005151	0.1289329060798374
17	0.2301235161616924	0.3783460253911431	0.1835010768136242	0.2080293816335402
18	0.2215080036128168	0.2727730836440573	0.2756685930476029	0.2300503196955231
19	0.2212945151444726	0.2808309880146564	0.2709028931975259	0.2269716036433451
20	0.2174325900989758	0.2666157316644497	0.2742774441683075	0.2416742340682671
