Pos	A	C	G	T
1	0.2642324421474684	0.204089618320217	0.1931900576585676	0.338487881873747
2	0.3901791728511261	0.2360291466907366	0.1646956235724528	0.2090960568856844
3	0.1239949188958625	0.2467032931426209	0.4119597881344208	0.2173419998270959
4	0.1327419007118239	0.0429410349398635	0.7772086345057736	0.0471084298425391
5	0.201458925419412	0.115612108309083	0.1104835377156595	0.5724454285558455
6	0.1593824765213223	0.0490803221878426	0.743536235604879	0.0480009656859562
7	0.2208515578308461	0.6397110836417864	0.0371860830349647	0.1022512754924027
8	0.1591498525519744	0.2039976307979703	0.0833645491727312	0.5534879674773241
9	0.4772352784678316	0.1308504052030552	0.1319735614421124	0.2599407548870009
10	0.1376265280834235	0.0771158247753117	0.6957481937371971	0.0895094534040676
11	0.0470829941096775	0.0827404774687	0.7746303247555424	0.0955462036660801
12	0.0665304029256642	0.2149835423405154	0.6250167639616395	0.0934692907721809
13	0.2956963457692305	0.1197167085484402	0.296174206231554	0.2884127394507753
14	0.0938298236598651	0.612037806684807	0.1823167683331596	0.1118156013221682
15	0.1216587086345365	0.4546906277079416	0.2079316246502908	0.2157190390072312
16	0.0330472611539728	0.8707180263988368	0.0425080399487328	0.0537266724984575
17	0.3265730831533271	0.2587277984315767	0.2770415887606328	0.1376575296544634
18	0.2226051172770033	0.2710428817895183	0.1275512453213257	0.3788007556121528
19	0.2439024837431468	0.1952345559921475	0.1603192106088186	0.4005437496558871
20	0.2280499862763704	0.2304571388122186	0.1763574759614529	0.3651353989499582
