Pos	A	C	G	T
1	0.3824427480916031	0.166030534351145	0.2240458015267175	0.2274809160305344
2	0.3274436090225564	0.1890977443609023	0.1451127819548872	0.3383458646616541
3	0.17524682651622	0.3913963328631876	0.1043723554301834	0.328984485190409
4	0.178405572755418	0.1954334365325077	0.3080495356037152	0.3181114551083591
5	0.1312343271106158	0.1301198105321817	0.6570075229869045	0.0816383393702981
6	0.4456703443664327	0.082246740220662	0.2978936810431294	0.174189234369776
7	0.5461965393405158	0.1733594515181195	0.1776036565458701	0.1028403525954946
8	0.0902527075812274	0.5782190132370638	0.1064981949458484	0.2250300842358604
9	0.1067961165048544	0.5806451612903226	0.1284058878797369	0.1841528343250861
10	0.3256410256410256	0.1208791208791209	0.3597069597069597	0.1937728937728938
11	0.2771371769383698	0.2349900596421471	0.2747514910536779	0.2131212723658052
12	0.2670386608210442	0.2499003587086489	0.2152251893184536	0.2678357911518534
