Pos	A	C	G	T
1	0.263570961412688	0.1962066710268149	0.342053629823414	0.1981687377370831
2	0.1800916830386378	0.3379174852652259	0.2573673870333988	0.2246234446627374
3	0.4604810996563574	0.0914948453608247	0.4106529209621993	0.0373711340206186
4	0.443557582668187	0.1356898517673888	0.1071835803876853	0.3135689851767389
5	0.0202038423378732	0.9630197528637142	0.0059529178316948	0.0108234869667178
6	0.9389821476152412	0.0121236344257927	0.0161204369837463	0.0327737809752198
7	0.1854934601664685	0.2080856123662307	0.4762187871581451	0.1302021403091558
8	0.1350157728706625	0.3463722397476341	0.3097791798107256	0.2088328075709779
9	0.066138477437134	0.1760248019290389	0.03169135377196	0.726145366861867
10	0.0606256742179072	0.0181229773462783	0.8787486515641856	0.0425026968716289
11	0.2734375	0.234375	0.1634114583333333	0.3287760416666667
12	0.1663455362877328	0.3153500321130379	0.1888246628131021	0.3294797687861272
