Pos	A	C	G	T
1	0.127	0.427	0.299	0.147
2	0.014	0.001	0.981	0.004
3	0.001	0.001	0.001	0.997
4	0.047	0.025	0.001	0.927
5	0.31	0.028	0.611	0.051
6	0.001	0.948	0.01	0.041
7	0.001	0.5	0.032	0.467
8	0.783	0.003	0.114	0.1
9	0.205	0.108	0.262	0.425
10	0.146	0.121	0.726	0.007
11	0.098	0.231	0.469	0.202
12	0.161	0.34	0.326	0.174
13	0.441	0.127	0.212	0.221
14	0.398	0.145	0.164	0.293
15	0.142	0.394	0.275	0.189
