Pos	A	C	G	T
1	0.2140385565991102	0.3153732081067721	0.166584280771132	0.3040039545229857
2	0.2120158887785502	0.336643495531281	0.1787487586891758	0.272591857000993
3	0.2357357357357357	0.3358358358358358	0.1921921921921922	0.2362362362362362
4	0.1587301587301587	0.3660130718954248	0.3356676003734827	0.1395891690009337
5	0.0610429447852761	0.0993865030674847	0.7245398773006135	0.1150306748466258
6	0.3497516556291391	0.0836092715231788	0.4346026490066225	0.1320364238410596
7	0.2748194945848376	0.111913357400722	0.4363718411552346	0.1768953068592058
8	0.5381404174573055	0.0717267552182163	0.2808349146110057	0.1092979127134725
9	0.4008651766402307	0.160057678442682	0.0374909877433309	0.4015861571737563
10	0.0240088105726872	0.357488986784141	0.026431718061674	0.5920704845814978
11	0.2134774955996983	0.6532562232838823	0.0135780739250691	0.1196882071913503
12	0.0054637344625051	0.7725720529982243	0.023494058188772	0.1984701543504986
