Pos	A	C	G	T
1	0.2330694810905893	0.2119613016710642	0.1926121372031662	0.3623570800351803
2	0.2240245506356861	0.1657167908811925	0.342393686979395	0.2678649715037265
3	0.2242451154529307	0.3436944937833037	0.2295737122557726	0.2024866785079929
4	0.0904504504504505	0.4954954954954955	0.1163963963963964	0.2976576576576577
5	0.0838884776708611	0.0609425117197138	0.768319763138416	0.0868492474710091
6	0.0099934469200524	0.7432830930537353	0.0442332896461337	0.2024901703800786
7	0.7184237995824635	0.0433194154488518	0.1409185803757829	0.0973382045929019
8	0.3080631025416302	0.1687116564417178	0.2059596844872918	0.3172655565293602
9	0.1953341241597469	0.1621194147884539	0.1419533412415975	0.5005931198102017
10	0.1974248927038627	0.2017167381974249	0.4090128755364807	0.1918454935622318
11	0.2113108285839544	0.3722051731696625	0.2183252959228409	0.1981587023235423
12	0.2192676547515257	0.2288578901482127	0.3748910200523104	0.1769834350479512
