Pos	A	C	G	T
1	0.162	0.318	0.186	0.334
2	0.152	0.385	0.183	0.28
3	0.032	0.663	0.194	0.111
4	0.068	0.036	0.015	0.881
5	0.025	0.031	0.03	0.914
6	0.037	0.004	0.009	0.95
7	0.03	0.06	0.867	0.043
8	0.929	0.008	0.007	0.057
9	0.199	0.014	0.01	0.777
10	0.047	0.497	0.432	0.024
11	0.138	0.104	0.061	0.698
12	0.231	0.198	0.204	0.367
13	0.227	0.222	0.235	0.316
