Pos	A	C	G	T
1	0.312	0.21	0.106	0.372
2	0.628	0.04	0.154	0.179
3	0.063	0.07	0.779	0.088
4	0.136	0.019	0.803	0.043
5	0.057	0.154	0.665	0.124
6	0.015	0.04	0.927	0.018
7	0.034	0.109	0.803	0.054
8	0.143	0.643	0.134	0.081
9	0.151	0.053	0.771	0.025
10	0.08	0.507	0.251	0.162
11	0.175	0.179	0.181	0.465
12	0.348	0.196	0.339	0.118
13	0.143	0.099	0.363	0.395
14	0.276	0.204	0.203	0.316
15	0.189	0.215	0.421	0.175
16	0.184	0.264	0.406	0.145
17	0.239	0.159	0.448	0.154
