Pos	A	C	G	T
1	0.277	0.115	0.061	0.547
2	0.736	0.088	0.007	0.169
3	0.682	0.142	0.034	0.142
4	0.385	0.142	0.196	0.277
5	0.223	0.196	0.142	0.439
6	0.574	0.088	0.277	0.061
7	0.115	0.115	0.034	0.736
8	0.844155844155844	0.00699300699300699	0.114885114885115	0.033966033966034
9	0.844155844155844	0.033966033966034	0.0609390609390609	0.0609390609390609
10	0.79020979020979	0.0879120879120879	0.0609390609390609	0.0609390609390609
11	0.196	0.034	0.196	0.574
12	0.114885114885115	0.033966033966034	0.844155844155844	0.00699300699300699
13	0.304	0.115	0.466	0.115
14	0.466	0.196	0.196	0.142
15	0.142	0.52	0.034	0.304
16	0.277	0.142	0.142	0.439
17	0.709	0.223	0.034	0.034
18	0.52	0.034	0.169	0.277
19	0.196	0.196	0.169	0.439
20	0.114885114885115	0.033966033966034	0.0609390609390609	0.79020979020979
