Pos	A	C	G	T
1	0.3725960144606104	0.145991336153299	0.2431640055327645	0.238248643853326
2	0.267407601865619	0.3248426545021266	0.1825546540643699	0.2251950895678844
3	0.1990711921246028	0.0736643368949618	0.5868812896507078	0.1403831813297275
4	0.3713562356567014	0.1614637584292098	0.2804311139037861	0.1867488920103028
5	0.2978204236381573	0.1858719095207301	0.2660001536478216	0.2503075131932911
6	0.2388963349182602	0.1892823139860982	0.2737987830639897	0.2980225680316519
7	0.2702006287721315	0.1450288912356074	0.4094086369596576	0.1753618430326034
8	0.4251061459213596	0.1989731029461825	0.1806643400614143	0.1952564110710437
9	0.0646213885053027	0.7032962043371713	0.0633118005452212	0.1687706066123046
10	0.3356890944872463	0.1883459616561672	0.2932069735013365	0.18275797035525
11	0.2214360579082463	0.1334079539946838	0.5137720537955913	0.1313839343014785
12	0.2567206836164892	0.46137535353604	0.1231480742055113	0.1587558886419595
13	0.2394800518395646	0.3211687887515259	0.1632733464488554	0.2760778129600542
14	0.1328222409066404	0.045169175168148	0.690388713397189	0.1316198705280227
15	0.7890477263711513	0.0508978170565486	0.0956408818361007	0.0644135747361994
16	0.0589924480013183	0.5516844753123382	0.077774647124262	0.3115484295620816
17	0.2884472208546082	0.1661452591250341	0.2002496327100263	0.3451578873103315
18	0.3010144774048321	0.17495142616267	0.2249127465335915	0.2991213498989063
19	0.1969723278789685	0.3215690034626474	0.1604709473721278	0.3209877212862563
20	0.1764166149756477	0.2132747882102193	0.3176176605469547	0.2926909362671783
