Pos	A	C	G	T
1	0.14814814814814814	0.037037037037037035	0.7962962962962963	0.018518518518518517
2	0.8641975308641975	0.037037037037037035	0.05555555555555555	0.043209876543209874
3	0.6975308641975309	0.024691358024691357	0.2777777777777778	0.0
4	0.06790123456790123	0.030864197530864196	0.05555555555555555	0.845679012345679
5	0.024691358024691357	0.0	0.9567901234567902	0.018518518518518517
6	0.9012345679012346	0.037037037037037035	0.04938271604938271	0.012345679012345678
7	0.7160493827160493	0.018518518518518517	0.2037037037037037	0.06172839506172839
8	0.030864197530864196	0.08641975308641975	0.10493827160493827	0.7777777777777778
9	0.16049382716049382	0.012345679012345678	0.808641975308642	0.018518518518518517
10	0.9691358024691358	0.0	0.018518518518518517	0.012345679012345678
11	0.6790123456790124	0.024691358024691357	0.2962962962962963	0.0
12	0.0	0.08024691358024691	0.06172839506172839	0.8580246913580247
13	0.08641975308641975	0.0	0.9135802469135802	0.0
14	0.9135802469135802	0.024691358024691357	0.030864197530864196	0.030864197530864196
15	0.5555555555555556	0.037037037037037035	0.3395061728395062	0.06790123456790123
16	0.12962962962962962	0.1419753086419753	0.12962962962962962	0.5987654320987654
17	0.12962962962962962	0.09876543209876543	0.5925925925925926	0.17901234567901234
18	0.6049382716049383	0.12962962962962962	0.18518518518518517	0.08024691358024691
19	0.5925925925925926	0.09259259259259259	0.2839506172839506	0.030864197530864196
20	0.08641975308641975	0.1419753086419753	0.13580246913580246	0.6358024691358025
21	0.16666666666666666	0.07407407407407407	0.6481481481481481	0.1111111111111111
