Pos	A	C	G	T
1	0.8188405797101449	0.028985507246376812	0.07971014492753623	0.07246376811594203
2	0.025362318840579712	0.050724637681159424	0.03260869565217391	0.8913043478260869
3	0.06884057971014493	0.018115942028985508	0.9130434782608695	0.0
4	0.9637681159420289	0.014492753623188406	0.010869565217391304	0.010869565217391304
5	0.8768115942028986	0.0036231884057971015	0.11956521739130435	0.0
6	0.010869565217391304	0.036231884057971016	0.021739130434782608	0.9311594202898551
7	0.028985507246376812	0.0	0.967391304347826	0.0036231884057971015
8	0.9601449275362319	0.010869565217391304	0.025362318840579712	0.0036231884057971015
9	0.8079710144927537	0.014492753623188406	0.17753623188405798	0.0
10	0.010869565217391304	0.06159420289855073	0.014492753623188406	0.9130434782608695
11	0.028985507246376812	0.018115942028985508	0.9528985507246377	0.0
12	0.9492753623188406	0.028985507246376812	0.021739130434782608	0.0
13	0.8731884057971014	0.021739130434782608	0.09057971014492754	0.014492753623188406
14	0.007246376811594203	0.09420289855072464	0.03985507246376811	0.8586956521739131
15	0.03985507246376811	0.014492753623188406	0.927536231884058	0.018115942028985508
16	0.9202898550724637	0.036231884057971016	0.025362318840579712	0.018115942028985508
17	0.7681159420289855	0.0	0.213768115942029	0.018115942028985508
18	0.03985507246376811	0.06884057971014493	0.06159420289855073	0.8297101449275363
19	0.043478260869565216	0.021739130434782608	0.8840579710144928	0.050724637681159424
20	0.8152173913043478	0.04710144927536232	0.10144927536231885	0.036231884057971016
21	0.7608695652173914	0.09420289855072464	0.10144927536231885	0.043478260869565216
22	0.09057971014492754	0.09420289855072464	0.07971014492753623	0.7355072463768116
