Pos	A	C	G	T
1	0.8553191489361702	0.01276595744680851	0.10212765957446808	0.029787234042553193
2	0.6468085106382979	0.0425531914893617	0.2851063829787234	0.02553191489361702
3	0.01702127659574468	0.00851063829787234	0.02127659574468085	0.9531914893617022
4	0.00851063829787234	0.02127659574468085	0.9617021276595744	0.00851063829787234
5	0.902127659574468	0.02553191489361702	0.06382978723404255	0.00851063829787234
6	0.6893617021276596	0.02553191489361702	0.2723404255319149	0.01276595744680851
7	0.10212765957446808	0.09361702127659574	0.059574468085106386	0.7446808510638298
8	0.1148936170212766	0.0	0.8382978723404255	0.04680851063829787
9	0.8340425531914893	0.03829787234042553	0.1276595744680851	0.0
10	0.7872340425531915	0.0	0.19574468085106383	0.01702127659574468
11	0.03404255319148936	0.07234042553191489	0.11063829787234042	0.7829787234042553
12	0.1276595744680851	0.0	0.8468085106382979	0.02553191489361702
13	0.8638297872340426	0.05106382978723404	0.07234042553191489	0.01276595744680851
14	0.6680851063829787	0.03829787234042553	0.2553191489361702	0.03829787234042553
15	0.15319148936170213	0.08085106382978724	0.14468085106382977	0.6212765957446809
16	0.15319148936170213	0.05106382978723404	0.6553191489361702	0.14042553191489363
17	0.5617021276595745	0.10638297872340426	0.24680851063829787	0.0851063829787234
18	0.4723404255319149	0.1148936170212766	0.33617021276595743	0.07659574468085106
19	0.12340425531914893	0.16170212765957448	0.10638297872340426	0.6085106382978723
20	0.19574468085106383	0.08936170212765958	0.6170212765957447	0.09787234042553192
21	0.6723404255319149	0.08936170212765958	0.14893617021276595	0.08936170212765958
