Pos	A	C	G	T
1	0.9595141700404858	0.032388663967611336	0.004048582995951417	0.004048582995951417
2	0.9473684210526315	0.0	0.05263157894736842	0.0
3	0.8704453441295547	0.0	0.12955465587044535	0.0
4	0.8218623481781376	0.048582995951417005	0.1214574898785425	0.008097165991902834
5	0.9878542510121457	0.012145748987854251	0.0	0.0
6	0.9838056680161943	0.0	0.004048582995951417	0.012145748987854251
7	0.8785425101214575	0.004048582995951417	0.10931174089068826	0.008097165991902834
8	0.9149797570850202	0.016194331983805668	0.05668016194331984	0.012145748987854251
9	0.8825910931174089	0.06072874493927125	0.048582995951417005	0.008097165991902834
10	0.9392712550607287	0.03643724696356275	0.0	0.024291497975708502
11	0.8825910931174089	0.004048582995951417	0.08097165991902834	0.032388663967611336
12	0.8623481781376519	0.08502024291497975	0.032388663967611336	0.020242914979757085
13	0.7854251012145749	0.02834008097165992	0.12955465587044535	0.05668016194331984
14	0.7894736842105263	0.10121457489878542	0.06477732793522267	0.044534412955465584
15	0.8137651821862348	0.05263157894736842	0.08097165991902834	0.05263157894736842
16	0.7611336032388664	0.06072874493927125	0.12955465587044535	0.048582995951417005
17	0.6963562753036437	0.08906882591093117	0.12955465587044535	0.08502024291497975
18	0.7408906882591093	0.0728744939271255	0.08906882591093117	0.09716599190283401
19	0.5910931174089069	0.19433198380566802	0.145748987854251	0.06882591093117409
20	0.6153846153846154	0.13360323886639677	0.11336032388663968	0.13765182186234817
21	0.5425101214574899	0.11740890688259109	0.2388663967611336	0.10121457489878542
