Pos	A	C	G	T
1	0.38219895287958117	0.14659685863874344	0.28272251308900526	0.18848167539267016
2	0.23036649214659685	0.14659685863874344	0.2094240837696335	0.41361256544502617
3	0.3036649214659686	0.20418848167539266	0.225130890052356	0.2670157068062827
4	0.21465968586387435	0.17801047120418848	0.3612565445026178	0.24607329842931938
5	0.35602094240837695	0.08900523560209424	0.3769633507853403	0.17801047120418848
6	0.13089005235602094	0.3403141361256545	0.33507853403141363	0.193717277486911
7	0.7591623036649214	0.015706806282722512	0.005235602094240838	0.2198952879581152
8	0.010471204188481676	0.0	0.9895287958115183	0.0
9	0.9947643979057592	0.0	0.0	0.005235602094240838
10	0.05235602094240838	0.010471204188481676	0.03664921465968586	0.900523560209424
11	0.9424083769633508	0.0	0.005235602094240838	0.05235602094240838
12	0.7905759162303665	0.0	0.11518324607329843	0.09424083769633508
13	0.23036649214659685	0.09947643979057591	0.5497382198952879	0.12041884816753927
14	0.3717277486910995	0.18324607329842932	0.3298429319371728	0.11518324607329843
15	0.3036649214659686	0.25654450261780104	0.24607329842931938	0.193717277486911
16	0.4083769633507853	0.15706806282722513	0.1518324607329843	0.28272251308900526
17	0.2670157068062827	0.18324607329842932	0.2879581151832461	0.2617801047120419
18	0.3612565445026178	0.18848167539267016	0.17801047120418848	0.27225130890052357
19	0.3193717277486911	0.193717277486911	0.18848167539267016	0.29842931937172773
20	0.2931937172774869	0.16230366492146597	0.2198952879581152	0.32460732984293195
21	0.2879581151832461	0.13089005235602094	0.34554973821989526	0.2356020942408377
