Pos	A	C	G	T
1	0.10526315789473684	0.045112781954887216	0.8345864661654135	0.015037593984962405
2	0.7819548872180451	0.022556390977443608	0.05263157894736842	0.14285714285714285
3	0.5263157894736842	0.03007518796992481	0.42857142857142855	0.015037593984962405
4	0.06015037593984962	0.0	0.06015037593984962	0.8796992481203008
5	0.03007518796992481	0.045112781954887216	0.924812030075188	0.0
6	0.7669172932330827	0.015037593984962405	0.10526315789473684	0.11278195488721804
7	0.5714285714285714	0.0	0.42857142857142855	0.0
8	0.03759398496240601	0.10526315789473684	0.045112781954887216	0.8120300751879699
9	0.11278195488721804	0.015037593984962405	0.849624060150376	0.022556390977443608
10	0.8270676691729323	0.007518796992481203	0.022556390977443608	0.14285714285714285
11	0.7142857142857143	0.0	0.2857142857142857	0.0
12	0.022556390977443608	0.07518796992481203	0.0	0.9022556390977443
13	0.03007518796992481	0.007518796992481203	0.9398496240601504	0.022556390977443608
14	0.7969924812030075	0.022556390977443608	0.045112781954887216	0.13533834586466165
15	0.41353383458646614	0.03007518796992481	0.5037593984962406	0.05263157894736842
16	0.022556390977443608	0.05263157894736842	0.14285714285714285	0.7819548872180451
17	0.05263157894736842	0.09022556390977443	0.8421052631578947	0.015037593984962405
18	0.7669172932330827	0.022556390977443608	0.06766917293233082	0.14285714285714285
19	0.3383458646616541	0.05263157894736842	0.5639097744360902	0.045112781954887216
20	0.11278195488721804	0.03759398496240601	0.12030075187969924	0.7293233082706767
21	0.06015037593984962	0.06015037593984962	0.7593984962406015	0.12030075187969924
