Pos	A	C	G	T
1	0.20876288659793815	0.03350515463917526	0.7371134020618557	0.020618556701030927
2	0.8221649484536082	0.023195876288659795	0.14690721649484537	0.007731958762886598
3	0.29896907216494845	0.015463917525773196	0.23195876288659795	0.4536082474226804
4	0.211340206185567	0.01288659793814433	0.7268041237113402	0.04896907216494845
5	0.23195876288659795	0.01288659793814433	0.7551546391752577	0.0
6	0.8273195876288659	0.0	0.17268041237113402	0.0
7	0.3479381443298969	0.03608247422680412	0.2036082474226804	0.41237113402061853
8	0.23195876288659795	0.0	0.7448453608247423	0.023195876288659795
9	0.17010309278350516	0.01804123711340206	0.788659793814433	0.023195876288659795
10	0.8427835051546392	0.015463917525773196	0.12371134020618557	0.01804123711340206
11	0.3427835051546392	0.04381443298969072	0.1958762886597938	0.4175257731958763
12	0.33762886597938147	0.002577319587628866	0.6391752577319587	0.020618556701030927
13	0.16494845360824742	0.020618556701030927	0.8092783505154639	0.005154639175257732
14	0.8247422680412371	0.023195876288659795	0.14432989690721648	0.007731958762886598
15	0.32216494845360827	0.03865979381443299	0.22164948453608246	0.4175257731958763
16	0.23711340206185566	0.005154639175257732	0.7371134020618557	0.020618556701030927
17	0.12628865979381443	0.005154639175257732	0.8582474226804123	0.010309278350515464
18	0.8273195876288659	0.01804123711340206	0.12628865979381443	0.028350515463917526
19	0.30670103092783507	0.005154639175257732	0.2757731958762887	0.41237113402061853
