Pos	A	C	G	T
1	0.5022026431718062	0.0	0.4977973568281938	0.0
2	0.7841409691629956	0.01762114537444934	0.19823788546255505	0.0
3	0.3744493392070485	0.01762114537444934	0.5594713656387665	0.048458149779735685
4	0.5462555066079295	0.02643171806167401	0.42731277533039647	0.0
5	0.3788546255506608	0.022026431718061675	0.5770925110132159	0.022026431718061675
6	0.8898678414096917	0.0	0.07929515418502203	0.030837004405286344
7	0.2687224669603524	0.00881057268722467	0.6563876651982379	0.06607929515418502
8	0.43171806167400884	0.030837004405286344	0.5374449339207048	0.0
9	0.4801762114537445	0.01762114537444934	0.4713656387665198	0.030837004405286344
10	0.8722466960352423	0.03524229074889868	0.06607929515418502	0.02643171806167401
11	0.18502202643171806	0.048458149779735685	0.7092511013215859	0.05726872246696035
12	0.6035242290748899	0.00881057268722467	0.3436123348017621	0.04405286343612335
13	0.44052863436123346	0.004405286343612335	0.5550660792951542	0.0
14	0.748898678414097	0.030837004405286344	0.22026431718061673	0.0
15	0.4801762114537445	0.039647577092511016	0.40969162995594716	0.07048458149779736
16	0.46255506607929514	0.0	0.5154185022026432	0.022026431718061675
17	0.43171806167400884	0.022026431718061675	0.4933920704845815	0.05286343612334802
18	0.8105726872246696	0.0	0.16740088105726872	0.022026431718061675
19	0.40969162995594716	0.06607929515418502	0.47577092511013214	0.048458149779735685
20	0.31277533039647576	0.02643171806167401	0.6387665198237885	0.022026431718061675
21	0.5198237885462555	0.004405286343612335	0.47577092511013214	0.0
22	0.8634361233480177	0.013215859030837005	0.12334801762114538	0.0
23	0.44493392070484583	0.0	0.4933920704845815	0.06167400881057269
24	0.3920704845814978	0.004405286343612335	0.5947136563876652	0.00881057268722467
25	0.3788546255506608	0.03524229074889868	0.5638766519823789	0.022026431718061675
26	0.748898678414097	0.0	0.2511013215859031	0.0
27	0.5638766519823789	0.00881057268722467	0.4008810572687225	0.02643171806167401
28	0.44052863436123346	0.0	0.5462555066079295	0.013215859030837005
29	0.3524229074889868	0.0	0.6475770925110133	0.0
30	0.8193832599118943	0.0	0.18061674008810572	0.0
