Pos	A	C	G	T
1	0.838664158043274	0.0279868297271872	0.0804327375352775	0.0529162746942615
2	0.145813734713076	0.0282220131702728	0.657808090310442	0.168156161806209
3	0.0717309501411101	0.0780809031044215	0.827375352775165	0.0228127939793039
4	0.419567262464723	0.0110536218250235	0.501175917215428	0.068203198494826
5	0.0649106302916275	0.00964252116650988	0.898871119473189	0.0265757290686736
6	0.843603010348072	0.0578551269990593	0.0722013170272813	0.026340545625588
7	0.0364534336782691	0.481890874882408	0.0717309501411101	0.409924741298213
8	0.982361241768579	0.00376293508936971	0.0103480714957667	0.0035277516462841
9	0.0987770460959548	0.0545625587958608	0.0383349012229539	0.80832549388523
10	0.0218720602069614	0.649576669802446	0.00846660395108184	0.320084666039511
11	0.985888993414864	0.00282220131702728	0.00587958607714017	0.00540921919096896
12	0.0136406396989652	0.912982126058325	0.0399811853245531	0.0333960489181562
13	0.141110065851364	0.398165569143932	0.00729068673565381	0.45343367826905
14	0.988711194731891	0.00376293508936971	0.00564440263405456	0.00188146754468485
15	0.00329256820319849	0.957902163687676	0.00917215428033866	0.0296331138287865
16	0.460253998118532	0.340075258701787	0.0214016933207902	0.17826904985889
17	0.131232361241769	0.0101128880526811	0.841486359360301	0.0171683913452493
18	0.927328316086548	0.0145813734713076	0.0392756349952963	0.0188146754468485
19	0.028692380056444	0.377469426152399	0.0223424270931326	0.571495766698024
20	0.21519285042333	0.701317027281279	0.0336312323612418	0.0498588899341486
21	0.0432737535277516	0.848306679209784	0.014346190028222	0.0940733772342427
22	0.0846660395108184	0.615004703668862	0.0206961429915334	0.279633113828786
23	0.800564440263405	0.0359830667920978	0.0585606773283161	0.104891815616181
24	0.0402163687676388	0.803151458137347	0.0336312323612418	0.123000940733772
