Pos	A	C	G	T
1	0.115216271884655	0.036731891520769	0.759569172674219	0.088482663920357
2	0.821575695159629	0.0448420871953313	0.09131479574322	0.0422674219018194
3	0.833376244421559	0.0348008925506351	0.088482663920357	0.0433401991074494
4	0.0119721936148301	0.0252746309646413	0.0172502574665294	0.945502917953999
5	0.0338568486096807	0.00399073120494336	0.946961894953656	0.0151905252317199
6	0.970219704771713	0.00780981805698593	0.0141606591143151	0.00780981805698593
7	0.95228286989358	0.00549261929282527	0.0380621352557501	0.00416237555784415
8	0.00630792996910402	0.0214984552008239	0.00939752832131823	0.962796086508754
9	0.0310247167868177	0.00506350841057329	0.949922760041195	0.0139890147614143
10	0.938336766220391	0.019782011671816	0.0233436319945074	0.0185375901132853
11	0.836980775832475	0.0317112941984209	0.0901991074493649	0.0411088225197391
12	0.0640662547202197	0.0844061105389633	0.0779265362169585	0.773601098523859
13	0.122210779265362	0.0577154136628905	0.731891520768967	0.0881822863027806
