Pos	A	C	G	T
1	0.00196511913534758	0.92557111274871	0.0626381724392041	0.0098255956767379
2	0.0699214916584887	0.810598626104024	0.00539744847890088	0.114082433758587
3	0.597011268985791	0.00514453699167075	0.273640372366487	0.124203821656051
4	0.00587803085966201	0.0240019593436199	0.967180994366887	0.00293901542983101
5	0.173891746265001	0.337986774430566	0.0252265491060495	0.462894930198384
6	0.0984329089128306	0.289666993143976	0.061949069539667	0.549951028403526
7	0.172987521409347	0.398825544409102	0.150721800831906	0.277465133349645
8	0.357369836225862	0.225372769494011	0.250794426790516	0.166462967489611
9	0.631720430107527	0.0698924731182796	0.190615835777126	0.107771260997067
10	0.394132029339853	0.0518337408312958	0.30880195599022	0.245232273838631
11	0.00391772771792361	0.933153770812928	0.0546033300685602	0.00832517140058766
12	0.0620098039215686	0.814705882352941	0.00294117647058824	0.120343137254902
13	0.53989688190523	0.00736557819788853	0.302479744659956	0.150257795236926
14	0.0120541205412054	0.0290282902829028	0.954735547355474	0.0041820418204182
