Pos	A	C	G	T
1	0.684152	0.0323661	0.206473	0.0770089
2	0.0725446	0.0100446	0.916295	0.00111607
3	0.00111607	0.0100446	0.987723	0.00111607
4	0.75558	0.0502232	0.00558036	0.188616
5	0.0636161	0.0591518	0.0502232	0.827009
6	0.16183	0.00111607	0.835938	0.00111607
7	0.00111607	0.00111607	0.996652	0.00111607
8	0.00558036	0.242188	0.00558036	0.746652
9	0.0189732	0.0100446	0.152902	0.81808
10	0.0636161	0.251116	0.0457589	0.639509
11	0.34933	0.0145089	0.63058	0.00558036
12	0.889509	0.0234375	0.0323661	0.0546875
13	0.0145089	0.233259	0.152902	0.59933
14	0.139509	0.675223	0.0591518	0.126116
15	0.282366	0.367188	0.143973	0.206473
