Pos	A	C	G	T
1	0.16	0.176	0.484	0.18
2	0.252	0.066	0.44	0.242
3	0.202	0.132	0.602	0.064
4	0.454	0.07	0.404	0.072
5	0.464	0.136	0.346	0.054
6	0.396	0.226	0.232	0.146
7	0.312	0.14	0.414	0.134
8	0.258	0.25	0.41	0.082
9	0.3	0.238	0.314	0.148
10	0.4	0.12	0.424	0.056
11	0.262	0.274	0.444	0.02
12	0.04	0.934	0.016	0.01
13	0.98	0.002	0.004	0.014
14	0.034	0.022	0.868	0.076
15	0.184	0.766	0.044	0.006
16	0.044	0.006	0.01	0.94
17	0.02	0.012	0.954	0.014
18	0.04	0.362	0.446	0.152
