Pos	A	C	G	T
1	0.102	0.572	0.16	0.166
2	0.07	0.148	0.152	0.63
3	0.034	0.036	0.72	0.21
4	0.058	0.27	0.484	0.188
5	0.186	0.226	0.324	0.264
6	0.23	0.226	0.364	0.18
7	0.214	0.214	0.386	0.186
8	0.192	0.21	0.406	0.192
9	0.154	0.308	0.318	0.22
10	0.29	0.17	0.378	0.162
11	0.118	0.474	0.328	0.08
12	0.64	0.032	0.008	0.32
13	0.002	0.002	0.996	0.0
14	1.0	0.0	0.0	0.0
15	0.004	0.0	0.002	0.994
16	0.95	0.002	0.012	0.036
17	0.822	0.016	0.148	0.014
18	0.144	0.164	0.634	0.058
19	0.29	0.218	0.414	0.078
