Pos	A	C	G	T
1	0.08	0.368	0.128	0.424
2	0.148	0.176	0.526	0.15
3	0.204	0.092	0.588	0.116
4	0.04	0.876	0.048	0.036
5	0.008	0.99	0.0	0.002
6	0.636	0.018	0.286	0.06
7	0.02	0.602	0.368	0.01
8	0.104	0.612	0.042	0.242
9	0.886	0.038	0.052	0.024
10	0.002	0.0	0.994	0.004
11	0.348	0.0	0.65	0.002
12	0.034	0.036	0.64	0.29
13	0.002	0.008	0.98	0.01
14	0.022	0.02	0.9	0.058
15	0.066	0.904	0.0	0.03
16	0.252	0.006	0.738	0.004
17	0.064	0.67	0.246	0.02
18	0.09	0.362	0.118	0.43
19	0.292	0.304	0.358	0.046
20	0.092	0.242	0.36	0.306
