Pos	A	C	G	T
1	0.338	0.158	0.332	0.172
2	0.77	0.07	0.116	0.044
3	0.952	0.018	0.01	0.02
4	0.81	0.05	0.134	0.006
5	0.686	0.014	0.06	0.24
6	0.186	0.026	0.726	0.062
7	0.488	0.052	0.434	0.026
8	0.328	0.102	0.556	0.014
9	0.018	0.95	0.02	0.012
10	0.876	0.022	0.032	0.07
11	0.308	0.074	0.486	0.132
12	0.21	0.362	0.122	0.306
