Pos	A	C	G	T
1	0.0944444444444445	0.0277777777777778	0.872222222222222	0.00555555555555556
2	0.0138888888888889	0.0111111111111111	0.0194444444444444	0.955555555555556
3	0.872222222222222	0.0638888888888889	0.0333333333333333	0.0305555555555556
4	0.966666666666667	0.0	0.0277777777777778	0.00555555555555556
5	0.0472222222222222	0.413888888888889	0.0166666666666667	0.522222222222222
6	0.00833333333333333	0.911111111111111	0.0138888888888889	0.0666666666666667
7	0.958333333333333	0.0277777777777778	0.00833333333333333	0.00555555555555556
8	0.966666666666667	0.0	0.0277777777777778	0.00555555555555556
9	0.958333333333333	0.00833333333333333	0.0277777777777778	0.00555555555555556
10	0.966666666666667	0.00277777777777778	0.0277777777777778	0.00277777777777778
11	0.00277777777777778	0.95	0.00833333333333333	0.0388888888888889
12	0.95	0.0138888888888889	0.0138888888888889	0.0222222222222222
13	0.0527777777777778	0.00277777777777778	0.941666666666667	0.00277777777777778
14	0.00833333333333333	0.569444444444445	0.00277777777777778	0.419444444444445
15	0.761111111111111	0.0111111111111111	0.222222222222222	0.00555555555555556
16	0.0222222222222222	0.0277777777777778	0.00277777777777778	0.947222222222222
17	0.0138888888888889	0.00277777777777778	0.983333333333334	0.0
18	0.025	0.00555555555555556	0.941666666666667	0.0277777777777778
19	0.025	0.186111111111111	0.00277777777777778	0.786111111111111
20	0.897222222222222	0.0361111111111111	0.05	0.0166666666666667
