Pos	A	C	G	T
1	0.17	0.144	0.342	0.344
2	0.262	0.184	0.47	0.084
3	0.286	0.206	0.42	0.088
4	0.462	0.12	0.292	0.126
5	0.256	0.236	0.47	0.038
6	0.342	0.018	0.158	0.482
7	0.106	0.004	0.886	0.004
8	0.028	0.0	0.892	0.08
9	0.058	0.044	0.884	0.014
10	0.116	0.232	0.016	0.636
11	0.096	0.01	0.878	0.016
12	0.022	0.006	0.434	0.538
13	0.074	0.008	0.816	0.102
14	0.064	0.04	0.722	0.174
15	0.15	0.682	0.07	0.098
