Pos	A	C	G	T
1	0.388	0.174	0.276	0.162
2	0.326	0.086	0.418	0.17
3	0.294	0.034	0.39	0.282
4	0.086	0.166	0.7	0.048
5	0.134	0.05	0.226	0.59
6	0.05	0.024	0.058	0.868
7	0.964	0.002	0.02	0.014
8	0.078	0.056	0.866	0.0
9	0.722	0.014	0.212	0.052
10	0.084	0.022	0.858	0.036
11	0.54	0.332	0.052	0.076
12	0.22	0.682	0.034	0.064
13	0.036	0.798	0.08	0.086
14	0.102	0.406	0.058	0.434
15	0.202	0.114	0.264	0.42
16	0.16	0.206	0.46	0.174
