Pos	A	C	G	T
1	0.36	0.016	0.028	0.596
2	0.864	0.004	0.128	0.004
3	0.984	0.008	0.002	0.006
4	0.022	0.01	0.064	0.904
5	0.092	0.048	0.168	0.692
6	0.766	0.054	0.168	0.012
7	0.034	0.458	0.084	0.424
8	0.784	0.034	0.1	0.082
9	0.074	0.036	0.708	0.182
10	0.062	0.14	0.738	0.06
11	0.022	0.192	0.362	0.424
12	0.036	0.16	0.018	0.786
13	0.252	0.098	0.166	0.484
14	0.08	0.246	0.354	0.32
