Pos	A	C	G	T
1	0.12	0.242	0.238	0.4
2	0.198	0.096	0.296	0.41
3	0.036	0.024	0.866	0.074
4	0.3	0.434	0.042	0.224
5	0.266	0.122	0.028	0.584
6	0.86	0.064	0.032	0.044
7	0.01	0.95	0.026	0.014
8	0.662	0.042	0.026	0.27
9	0.0	0.004	0.26	0.736
10	0.128	0.022	0.036	0.814
11	0.038	0.05	0.848	0.064
12	0.046	0.042	0.026	0.886
13	0.49	0.08	0.126	0.304
14	0.2	0.054	0.338	0.408
15	0.066	0.832	0.042	0.06
16	0.324	0.336	0.066	0.274
