Pos	A	C	G	T
1	0.274	0.078	0.244	0.404
2	0.128	0.08	0.388	0.404
3	0.028	0.724	0.05	0.198
4	0.002	0.056	0.0	0.942
5	0.928	0.006	0.008	0.058
6	0.064	0.002	0.008	0.926
7	0.102	0.002	0.004	0.892
8	0.014	0.048	0.01	0.928
9	0.134	0.082	0.012	0.772
10	0.14	0.036	0.116	0.708
11	0.55	0.002	0.436	0.012
12	0.16	0.038	0.658	0.144
13	0.36	0.384	0.104	0.152
