Pos	A	C	G	T
1	0.272	0.12	0.414	0.194
2	0.202	0.16	0.562	0.076
3	0.094	0.644	0.054	0.208
4	0.33	0.468	0.032	0.17
5	0.74	0.038	0.182	0.04
6	0.004	0.02	0.014	0.962
7	0.786	0.084	0.046	0.084
8	0.956	0.022	0.006	0.016
9	0.948	0.02	0.01	0.022
10	0.116	0.016	0.046	0.822
11	0.108	0.702	0.006	0.184
12	0.62	0.112	0.018	0.25
