Pos	A	C	G	T
1	0.595190380761523	0.138276553106212	0.0761523046092185	0.190380761523046
2	0.0340681362725451	0.0420841683366734	0.0180360721442886	0.905811623246493
3	0.100200400801603	0.162324649298597	0.0400801603206413	0.697394789579158
4	0.292585170340681	0.0180360721442886	0.0180360721442886	0.671342685370742
5	0.18436873747495	0.0701402805611223	0.725450901803607	0.0200400801603206
6	0.0721442885771543	0.92184368737475	0.0	0.00601202404809619
7	0.991983967935872	0.00200400801603206	0.00400801603206413	0.00200400801603206
8	0.0981963927855712	0.0280561122244489	0.0100200400801603	0.86372745490982
9	0.410821643286573	0.142284569138277	0.220440881763527	0.226452905811623
10	0.643286573146293	0.0140280561122245	0.0160320641282565	0.326653306613227
11	0.0701402805611223	0.603206412825651	0.228456913827655	0.0981963927855712
12	0.887775551102205	0.0581162324649299	0.00601202404809619	0.0480961923847695
13	0.953907815631263	0.0140280561122245	0.0200400801603206	0.0120240480961924
14	0.438877755511022	0.0160320641282565	0.0180360721442886	0.527054108216433
15	0.374749498997996	0.0460921843687375	0.519038076152305	0.0601202404809619
16	0.222444889779559	0.230460921843687	0.492985971943888	0.0541082164328657
