Pos	A	C	G	T
1	0.402	0.016	0.52	0.062
2	0.026	0.004	0.944	0.026
3	0.452	0.192	0.214	0.142
4	0.902	0.018	0.026	0.054
5	0.0	0.962	0.026	0.012
6	0.816	0.016	0.094	0.074
7	0.056	0.41	0.264	0.27
8	0.0	0.378	0.0	0.622
9	0.128	0.384	0.37	0.118
10	0.084	0.056	0.012	0.848
11	0.004	0.01	0.986	0.0
12	0.024	0.026	0.018	0.932
13	0.148	0.212	0.206	0.434
14	0.032	0.934	0.004	0.03
15	0.054	0.534	0.004	0.408
16	0.136	0.31	0.192	0.362
