Pos	A	C	G	T
1	0.08	0.304	0.34	0.276
2	0.126	0.3	0.222	0.352
3	0.042	0.314	0.212	0.432
4	0.052	0.298	0.264	0.386
5	0.094	0.384	0.222	0.3
6	0.024	0.684	0.066	0.226
7	0.022	0.088	0.02	0.87
8	0.002	0.08	0.038	0.88
9	0.028	0.012	0.004	0.956
10	0.032	0.316	0.562	0.09
11	0.502	0.198	0.026	0.274
12	0.168	0.046	0.08	0.706
13	0.018	0.418	0.364	0.2
14	0.046	0.23	0.058	0.666
15	0.04	0.324	0.192	0.444
16	0.092	0.308	0.272	0.328
