Pos	A	C	G	T
1	0.804	0.138	0.044	0.014
2	0.88	0.004	0.056	0.06
3	0.412	0.006	0.288	0.294
4	0.214	0.05	0.608	0.128
5	0.234	0.194	0.522	0.05
6	0.234	0.258	0.338	0.17
7	0.19	0.282	0.298	0.23
8	0.066	0.428	0.256	0.25
9	0.036	0.796	0.062	0.106
10	0.402	0.078	0.014	0.506
11	0.0	0.136	0.094	0.77
12	0.0	0.0	0.0	1.0
13	0.004	0.004	0.99	0.002
14	0.012	0.002	0.0	0.986
15	0.038	0.132	0.194	0.636
16	0.056	0.566	0.07	0.308
