Pos	A	C	G	T
1	0.192	0.27	0.216	0.322
2	0.237	0.29	0.199	0.273
3	0.532	0.195	0.213	0.06
4	0.868	0.018	0.022	0.091
5	0.001	0.001	0.001	0.997
6	0.001	0.039	0.002	0.958
7	0.652	0.025	0.101	0.222
8	0.001	0.001	0.911	0.087
9	0.1	0.102	0.015	0.782
10	0.015	0.787	0.003	0.194
11	0.906	0.075	0.001	0.018
12	0.017	0.505	0.006	0.472
13	0.252	0.001	0.746	0.001
14	0.001	0.401	0.595	0.003
15	0.214	0.146	0.052	0.589
