Pos	A	C	G	T
1	0.001	0.009	0.971	0.019
2	0.024	0.055	0.001	0.92
3	0.001	0.979	0.001	0.019
4	0.978	0.001	0.014	0.007
5	0.014	0.803	0.01	0.173
6	0.194	0.05	0.755	0.001
7	0.001	0.59	0.408	0.001
8	0.149	0.171	0.024	0.656
9	0.062	0.534	0.178	0.226
10	0.128	0.368	0.345	0.159
11	0.157	0.477	0.256	0.109
12	0.005	0.033	0.031	0.931
13	0.005	0.033	0.938	0.024
14	0.448	0.384	0.166	0.001
