Pos	A	C	G	T
1	0.101	0.24	0.243	0.416
2	0.105	0.17	0.175	0.55
3	0.132	0.69	0.136	0.042
4	0.096	0.28	0.108	0.513
5	0.489	0.02	0.486	0.005
6	0.005	0.001	0.993	0.001
7	0.9	0.067	0.014	0.019
8	0.867	0.005	0.11	0.018
9	0.137	0.305	0.346	0.212
10	0.236	0.342	0.284	0.138
11	0.016	0.081	0.012	0.891
12	0.022	0.013	0.085	0.88
13	0.001	0.981	0.014	0.004
14	0.001	0.51	0.015	0.474
15	0.52	0.099	0.274	0.107
16	0.044	0.127	0.691	0.138
17	0.536	0.176	0.199	0.089
18	0.433	0.229	0.242	0.096
19	0.164	0.281	0.355	0.2
20	0.212	0.294	0.338	0.156
