Pos	A	C	G	T
1	0.531	0.067	0.36	0.041
2	0.064	0.001	0.862	0.073
3	0.025	0.013	0.835	0.127
4	0.06	0.151	0.167	0.622
5	0.005	0.86	0.079	0.057
6	0.906	0.028	0.041	0.024
7	0.262	0.223	0.26	0.255
8	0.027	0.066	0.035	0.872
9	0.054	0.076	0.863	0.008
10	0.621	0.16	0.152	0.066
11	0.128	0.836	0.013	0.023
12	0.053	0.89	0.001	0.056
13	0.053	0.338	0.072	0.537
14	0.138	0.347	0.25	0.265
