Pos	A	C	G	T
1	0.626995954864807	0.0847349371939536	0.134766872471791	0.153502235469449
2	0.150734511390249	0.118799233553332	0.601447732595274	0.129018522461145
3	0.0800510964445391	0.159037683627848	0.155205450287418	0.605705769640196
4	0.0340642963593783	0.120076644666809	0.0276772407919949	0.818181818181818
5	0.0153289333617202	0.91888439429423	0.0402384500745156	0.0255482222695337
6	0.912710240579093	0.0410900574835001	0.0266127315307643	0.0195869704066425
7	0.923994038748137	0.0183095592931659	0.0340642963593783	0.0236321055993187
8	0.0225675963380881	0.00958058335107516	0.949755162869917	0.0180966574409197
9	0.018522461145412	0.0112837981690441	0.945284223972749	0.0249095167127954
10	0.0828188205237386	0.205237385565254	0.0364062167340856	0.675537577176921
11	0.0142644241004897	0.909303810943155	0.0238450074515648	0.0525867575047903
12	0.894400681285927	0.0306578667234405	0.0327868852459016	0.0421545667447307
