
#################CISBP 

# Pos	A	C	G	T
# 1	0.309763594366658	0.253612980900522	0.319197300267243	0.117426124465577
# 2	0.00888624772568506	0.98683700260951	0.000974827138740955	0.00330192252606427
# 3	0.987615163205009	0.00121566726102533	0.00692607387172516	0.00424309566224099
# 4	0.00340049088266333	0.654531555656322	0.138922996530084	0.20314495693093
# 5	0.0028838017065173	0.803606289607851	0.186626531093945	0.00688337759168667
# 6	0.0117617872273052	0.0175465246729103	0.031653727237269	0.939037960862516
# 7	0.00261282056508089	0.00300545903705683	0.973044983719928	0.0213367366779349
# 8	0.122099017004275	0.322090425346254	0.297326936655769	0.258483620993703


##########TO MEME 

# 
# MEME version 5.5.5 (Thu Sep 14 08:48:04 2023 +1000)
# 
# ALPHABET= ACGT
# 
# strands: + -
#   
# Background letter frequencies (from uniform background):
# A 0.25000 C 0.25000 G 0.25000 T 0.25000
# 
# MOTIF M00111_2.00 Tfap2a
# 
# letter-probability matrix: alength= 4 w= 10 nsites= 1 E= 0
# 0.220377        0.335405        0.102037        0.342181
# 0.111784        0.193750        0.669524        0.024942
# 0.009553        0.989147        0.000370        0.000929
# 0.000437        0.891193        0.000324        0.108046
# 0.046223        0.377462        0.191229        0.385087
# 0.132612        0.336106        0.329451        0.201830
# 0.430307        0.248265        0.229178        0.092250
# 0.301624        0.024759        0.651437        0.022180
# 0.055101        0.000431        0.943092        0.001376
# 0.095237        0.349453        0.435445        0.119865
# 

library(universalmotif)

pwm_file = 'C:/Users/yuzun/OneDrive - Penn State Health/DATA/DATABASES/CISBP/Mus_musculus_All_Motifs_2024_03_04_3_46_pm/pwms_all_motifs/M00008_2.00.txt'
meme_file = 'C:/Users/yuzun/OneDrive - Penn State Health/DATA/DATABASES/CISBP/TEST/M00008_2.00.meme'

cisbp = read_cisbp(pwm_file)
class(cisbp)
cisbp@name = "M00008_2.00"
#A 2.917e-01
#C 2.083e-01
#G 2.083e-01
#T 2.917e-01

cisbp@bkg = c('A' = 0.2917, 'C' = 0.2083, 'G' = 0.2083, 'T' = 0.2917)

write_meme(cisbp, file = meme_file, overwrite = T)

